0 	 0.09186752906274387
1 	 0.10324350173848307
2 	 0.10886037849375702
3 	 0.16094736963327044
4 	 0.18401428346242876
5 	 0.1968155374628206
6 	 0.20635116544270438
7 	 0.21555444557270864
8 	 0.2264148788127881
9 	 0.2389867804878214
10 	 0.24900902353763643
11 	 0.25704246354808646
12 	 0.2650366588843204
13 	 0.2728379554199151
14 	 0.2856493474877377
15 	 0.29249183796093
16 	 0.30221274206834375
17 	 0.30774814422220637
18 	 0.32112167219177873
19 	 0.33410904650624507
20 	 0.33802779773085484
21 	 0.3390086879773586
22 	 0.3441671746494101
23 	 0.3560668409069059
24 	 0.3560668409069059
25 	 0.36344715571325426
26 	 0.36876137506469614
27 	 0.3765473060236062
28 	 0.3821641827788802
29 	 0.38676273546298684
30 	 0.3930713736873774
31 	 0.409264882892556
32 	 0.41210095101284294
33 	 0.41399805647402466
34 	 0.4205915786661641
35 	 0.42660033054389906
36 	 0.4279065809521023
37 	 0.43234783233999335
38 	 0.433392832666556
39 	 0.43767779423032627
40 	 0.4403159598300332
41 	 0.44318453000165403
42 	 0.452034620520778
43 	 0.45207525587314945
44 	 0.4606558732149194
45 	 0.46196212362312267
46 	 0.4728070443804967
47 	 0.47339485706418816
48 	 0.4779014209724894
49 	 0.4779014209724894
50 	 0.4838141440380631
51 	 0.48776361155442394
52 	 0.4888739244013967
53 	 0.49873611498333126
54 	 0.49873611498333126
55 	 0.49958517774866334
56 	 0.5004995530344056
57 	 0.505071429463117
58 	 0.51029643109593
59 	 0.51029643109593
60 	 0.5162450392548538
61 	 0.5162450392548538
62 	 0.5162450392548538
63 	 0.5162450392548538
64 	 0.5197719153570026
65 	 0.5197719153570026
66 	 0.5197719153570026
67 	 0.5197719153570026
68 	 0.523168166418331
69 	 0.523168166418331
70 	 0.523168166418331
71 	 0.523168166418331
72 	 0.523168166418331
73 	 0.523168166418331
74 	 0.523168166418331
75 	 0.523168166418331
76 	 0.523168166418331
77 	 0.5251223613042095
78 	 0.5251223613042095
79 	 0.5251223613042095
80 	 0.5251223613042095
81 	 0.5251223613042095
82 	 0.5251223613042095
83 	 0.5251223613042095
84 	 0.5251223613042095
85 	 0.5251223613042095
86 	 0.528042890315799
87 	 0.528042890315799
88 	 0.528042890315799
89 	 0.528042890315799
90 	 0.528042890315799
91 	 0.528042890315799
92 	 0.528042890315799
93 	 0.528042890315799
94 	 0.528042890315799
95 	 0.528042890315799
96 	 0.528042890315799
97 	 0.528042890315799
98 	 0.528042890315799
99 	 0.5289213805081912
100 	 0.5289213805081912
101 	 0.5289213805081912
102 	 0.5289213805081912
103 	 0.5289213805081912
104 	 0.5367591276946746
105 	 0.5367591276946746
106 	 0.5367591276946746
107 	 0.5367591276946746
108 	 0.5400247537151827
109 	 0.5400247537151827
110 	 0.5400247537151827
111 	 0.5400247537151827
112 	 0.5400247537151827
113 	 0.5400247537151827
114 	 0.5400247537151827
115 	 0.5400247537151827
116 	 0.5400247537151827
117 	 0.5400247537151827
118 	 0.5400247537151827
119 	 0.5400247537151827
0 	 0.015356782406749092
1 	 0.03311185828535412
2 	 0.06611476640674319
3 	 0.08025651092816632
4 	 0.1294608553679868
5 	 0.14812194443156168
6 	 0.19389029552787174
7 	 0.21653544833646665
8 	 0.23719132466727033
9 	 0.2373315060822936
10 	 0.2561021878132801
11 	 0.26761108011801793
12 	 0.26761108011801793
13 	 0.2803331328854505
14 	 0.2896728233041037
15 	 0.2999052329735757
16 	 0.3126370714639204
17 	 0.3302457871913639
18 	 0.3335789442365924
19 	 0.3432772959644337
20 	 0.34996705633388103
21 	 0.3547326518195127
22 	 0.359404552309296
23 	 0.36892907245255313
24 	 0.3816650139325348
25 	 0.3816650139325348
26 	 0.3894697228668035
27 	 0.4067787432158478
28 	 0.4086829047756786
29 	 0.4182838452759725
30 	 0.4193840596550092
31 	 0.4306932241539034
32 	 0.4311180081293554
33 	 0.440588323588829
34 	 0.4417189350468242
35 	 0.4461069789707018
36 	 0.45380255547081366
37 	 0.4572519736818495
38 	 0.4634747432275271
39 	 0.4674424577586767
40 	 0.46863244700107254
41 	 0.47624143548649306
42 	 0.48160915450582087
43 	 0.4877074191925391
44 	 0.496233978351271
45 	 0.5017786309668666
46 	 0.5102783887437663
47 	 0.5158299529786301
48 	 0.5165483907031418
49 	 0.5209896420910329
50 	 0.5240593305503106
51 	 0.5279780817749204
52 	 0.5281087068157406
53 	 0.5350318339792179
54 	 0.5364687094282414
55 	 0.5401915230916208
56 	 0.5401915230916208
57 	 0.5425427738263866
58 	 0.5460043374081253
59 	 0.5464075134388737
60 	 0.5478382687060361
61 	 0.5480290255408403
62 	 0.5552787153063683
63 	 0.5552787153063683
64 	 0.5571126466042792
65 	 0.5625284050718964
66 	 0.5625284050718964
67 	 0.5625284050718964
68 	 0.5664471562965061
69 	 0.5664471562965061
70 	 0.5664471562965061
71 	 0.5664471562965061
72 	 0.5664471562965061
73 	 0.5704415695695515
74 	 0.5723957644554298
75 	 0.5723957644554298
76 	 0.5723957644554298
77 	 0.5723957644554298
78 	 0.5753461287821746
79 	 0.5753461287821746
80 	 0.5761838906392194
81 	 0.5761838906392194
82 	 0.5761838906392194
83 	 0.5761838906392194
84 	 0.5791342549659639
85 	 0.5791342549659639
86 	 0.5797401477563677
87 	 0.5805125970930022
88 	 0.5805125970930022
89 	 0.5805125970930022
90 	 0.583462961419747
91 	 0.583462961419747
92 	 0.583462961419747
93 	 0.583462961419747
94 	 0.583462961419747
95 	 0.583462961419747
96 	 0.583462961419747
97 	 0.583462961419747
98 	 0.583462961419747
99 	 0.583462961419747
100 	 0.583462961419747
101 	 0.583462961419747
102 	 0.583462961419747
103 	 0.583462961419747
104 	 0.583462961419747
105 	 0.583462961419747
106 	 0.583462961419747
107 	 0.583462961419747
108 	 0.583462961419747
109 	 0.583462961419747
110 	 0.583462961419747
111 	 0.583462961419747
112 	 0.583462961419747
113 	 0.583462961419747
114 	 0.583462961419747
115 	 0.583462961419747
116 	 0.583462961419747
117 	 0.583462961419747
118 	 0.583462961419747
119 	 0.583462961419747
0 	 0.036435711939525606
1 	 0.050097622829620436
2 	 0.10178634735169556
3 	 0.1332463757265736
4 	 0.1405200492666857
5 	 0.15844713827731327
6 	 0.16830679038489732
7 	 0.168532379806843
8 	 0.18324037853691044
9 	 0.198449604746067
10 	 0.20246664792694025
11 	 0.21228801467392883
12 	 0.2218236426538126
13 	 0.2305496136817654
14 	 0.24344847030362837
15 	 0.2527228482018715
16 	 0.25935906050040763
17 	 0.2650313794485086
18 	 0.28526943394080084
19 	 0.28526943394080084
20 	 0.2867459571269341
21 	 0.2991156882677553
22 	 0.30551631526795126
23 	 0.3111724897778685
24 	 0.3230807298963089
25 	 0.33018979266099696
26 	 0.3358460988033508
27 	 0.33666573414162276
28 	 0.3573992305387045
29 	 0.3699340537310293
30 	 0.3699340537310293
31 	 0.37908298731487844
32 	 0.37908298731487844
33 	 0.39031156009900003
34 	 0.39433641071485137
35 	 0.3959937493746842
36 	 0.39965125051765327
37 	 0.4039670575911504
38 	 0.41298018540775283
39 	 0.4217943332938378
40 	 0.4217943332938378
41 	 0.4263692520918362
42 	 0.4322653262946683
43 	 0.4350475942106744
44 	 0.43631470256009836
45 	 0.445568090723137
46 	 0.445568090723137
47 	 0.45124509927239476
48 	 0.4551638504970045
49 	 0.4615222930691341
50 	 0.46908059807079555
51 	 0.4729993492954053
52 	 0.4757604225185496
53 	 0.47900292044671383
54 	 0.4793999762956012
55 	 0.4853613630188435
56 	 0.4853613630188435
57 	 0.49137529562300464
58 	 0.4922243583883367
59 	 0.4958766788048797
60 	 0.4982932420600557
61 	 0.5046938690602516
62 	 0.5046938690602516
63 	 0.5061359252357014
64 	 0.5080901201215801
65 	 0.5082160579142179
66 	 0.5118782463053695
67 	 0.5118782463053695
68 	 0.515274497366698
69 	 0.515274497366698
70 	 0.515274497366698
71 	 0.515274497366698
72 	 0.5155387898176256
73 	 0.5155387898176256
74 	 0.5155387898176256
75 	 0.5155387898176256
76 	 0.5195851237137687
77 	 0.5198494161646964
78 	 0.5198494161646964
79 	 0.5198494161646964
80 	 0.5198494161646964
81 	 0.5198494161646964
82 	 0.5198494161646964
83 	 0.5198494161646964
84 	 0.5198494161646964
85 	 0.5198494161646964
86 	 0.5198494161646964
87 	 0.5198494161646964
88 	 0.5198494161646964
89 	 0.5198494161646964
90 	 0.5198494161646964
91 	 0.5198494161646964
92 	 0.5198494161646964
93 	 0.5198494161646964
94 	 0.5198494161646964
95 	 0.5198494161646964
96 	 0.5198494161646964
97 	 0.5198494161646964
98 	 0.5198494161646964
99 	 0.5198494161646964
100 	 0.5198494161646964
101 	 0.5198494161646964
102 	 0.5198494161646964
103 	 0.5198494161646964
104 	 0.5198494161646964
105 	 0.5230463700809769
106 	 0.5250005649668553
107 	 0.5250005649668553
108 	 0.5250005649668553
109 	 0.5250005649668553
110 	 0.5250005649668553
111 	 0.5250005649668553
112 	 0.5250005649668553
113 	 0.5250005649668553
114 	 0.5250005649668553
115 	 0.5250005649668553
116 	 0.5250005649668553
117 	 0.5250005649668553
118 	 0.5250005649668553
119 	 0.5250005649668553
0 	 0.02835723426646186
1 	 0.05226932284978569
2 	 0.06590942583162984
3 	 0.10200229905712471
4 	 0.11520702230434832
5 	 0.14327976828646416
6 	 0.16594528496145466
7 	 0.19533601810866658
8 	 0.22060835757337266
9 	 0.2232763608580734
10 	 0.23315962201479534
11 	 0.25756543407340876
12 	 0.27779301474436685
13 	 0.28208114885661734
14 	 0.29749490367341574
15 	 0.30232803018376775
16 	 0.3136790158766064
17 	 0.3242730370415824
18 	 0.3242730370415824
19 	 0.33670289997638747
20 	 0.3394955415453328
21 	 0.3560196092091039
22 	 0.3743724274443596
23 	 0.37463367752600024
24 	 0.375743990372973
25 	 0.38534493087326693
26 	 0.39514180893479134
27 	 0.39514180893479134
28 	 0.40284350561676413
29 	 0.40715931269026123
30 	 0.41695619075178564
31 	 0.4185890037620397
32 	 0.42792869418069296
33 	 0.43348025841555676
34 	 0.43674588443606494
35 	 0.4409207050158889
36 	 0.44790914469977633
37 	 0.4513053957611048
38 	 0.4513053957611048
39 	 0.4531994588529995
40 	 0.4592735232511446
41 	 0.4598613359348361
42 	 0.4690532989546831
43 	 0.47284142513847255
44 	 0.4802818717388047
45 	 0.4802818717388047
46 	 0.4827036157204071
47 	 0.4862304918225559
48 	 0.489496117843064
49 	 0.4932189315064433
50 	 0.4932189315064433
51 	 0.496479376800525
52 	 0.5044475042905648
53 	 0.5044475042905648
54 	 0.5069293800661511
55 	 0.5069293800661511
56 	 0.5107175062499405
57 	 0.5107175062499405
58 	 0.5107175062499405
59 	 0.5107175062499405
60 	 0.5185552534364237
61 	 0.5242649175121699
62 	 0.5242649175121699
63 	 0.5321026646986529
64 	 0.5321026646986529
65 	 0.5321026646986529
66 	 0.5321026646986529
67 	 0.5362826660049034
68 	 0.536543916086544
69 	 0.5407239173927944
70 	 0.5407239173927944
71 	 0.5407239173927944
72 	 0.5431392782076192
73 	 0.5431392782076192
74 	 0.5431392782076192
75 	 0.5431392782076192
76 	 0.5431392782076192
77 	 0.5431392782076192
78 	 0.5431392782076192
79 	 0.5431392782076192
80 	 0.5431392782076192
81 	 0.5431392782076192
82 	 0.5431392782076192
83 	 0.5431392782076192
84 	 0.5431392782076192
85 	 0.5431392782076192
86 	 0.5431392782076192
87 	 0.5431392782076192
88 	 0.5431392782076192
89 	 0.5431392782076192
90 	 0.5431392782076192
91 	 0.5431392782076192
92 	 0.5431392782076192
93 	 0.5431392782076192
94 	 0.5431392782076192
95 	 0.5431392782076192
96 	 0.5431392782076192
97 	 0.5431392782076192
98 	 0.5431392782076192
99 	 0.5431392782076192
100 	 0.5431392782076192
101 	 0.5431392782076192
102 	 0.5431392782076192
103 	 0.5431392782076192
104 	 0.5431392782076192
105 	 0.5431392782076192
106 	 0.5431392782076192
107 	 0.5431392782076192
108 	 0.5431392782076192
109 	 0.5431392782076192
110 	 0.5431392782076192
111 	 0.5431392782076192
112 	 0.5431392782076192
113 	 0.5431392782076192
114 	 0.5431392782076192
115 	 0.5431392782076192
116 	 0.5431392782076192
117 	 0.5431392782076192
118 	 0.5431392782076192
119 	 0.5431392782076192
0 	 0.0593634079936618
1 	 0.12689700865155856
2 	 0.12791882470091837
3 	 0.16486827055763253
4 	 0.17410490057021533
5 	 0.19294351005647348
6 	 0.22083687742322988
7 	 0.22083687742322988
8 	 0.24153443820397735
9 	 0.24153443820397735
10 	 0.2514974860537946
11 	 0.26252374103022363
12 	 0.2654796075449282
13 	 0.27199627499400747
14 	 0.28086359458878907
15 	 0.29342812415711905
16 	 0.29856328761994316
17 	 0.3134790679230389
18 	 0.32954594794393893
19 	 0.33163594859706413
20 	 0.33914688844423285
21 	 0.34794203352844855
22 	 0.36086529776285614
23 	 0.3635651562708291
24 	 0.3798932863733697
25 	 0.38087297417952215
26 	 0.3863881393118029
27 	 0.39139912327667326
28 	 0.39283378022138654
29 	 0.4062998432300979
30 	 0.4117207824241414
31 	 0.4182520344651577
32 	 0.41897047218966943
33 	 0.43000828813898695
34 	 0.4334045392003154
35 	 0.4361476650575422
36 	 0.44574860555783613
37 	 0.4494714192212154
38 	 0.4508429821498288
39 	 0.4516920449151609
40 	 0.460574547690943
41 	 0.4661261119258069
42 	 0.46997955063000646
43 	 0.4705020507932878
44 	 0.47435548949748735
45 	 0.48160517926301544
46 	 0.48532799292639467
47 	 0.48532799292639467
48 	 0.4868301808958284
49 	 0.48728218781227317
50 	 0.48728218781227317
51 	 0.49257768269192276
52 	 0.49466250261862155
53 	 0.49466250261862155
54 	 0.4994354973349898
55 	 0.49976205993704065
56 	 0.5035450053944037
57 	 0.5068158121413382
58 	 0.5087700070272166
59 	 0.5100814381618464
60 	 0.5100814381618464
61 	 0.5120356330477248
62 	 0.5151203269006623
63 	 0.516431758035292
64 	 0.5183859529211704
65 	 0.5183859529211704
66 	 0.5189084530844517
67 	 0.5189084530844517
68 	 0.5225659542274208
69 	 0.5225659542274208
70 	 0.5225659542274208
71 	 0.5225659542274208
72 	 0.5225659542274208
73 	 0.5225659542274208
74 	 0.5225659542274208
75 	 0.5225659542274208
76 	 0.5225659542274208
77 	 0.5225659542274208
78 	 0.5225659542274208
79 	 0.5225659542274208
80 	 0.5225659542274208
81 	 0.5225659542274208
82 	 0.5225659542274208
83 	 0.5225659542274208
84 	 0.5225659542274208
85 	 0.5225659542274208
86 	 0.5225659542274208
87 	 0.5225659542274208
88 	 0.5225659542274208
89 	 0.5225659542274208
90 	 0.5225659542274208
91 	 0.5225659542274208
92 	 0.5225659542274208
93 	 0.5257629081437012
94 	 0.5257629081437012
95 	 0.52771710302958
96 	 0.52771710302958
97 	 0.52771710302958
98 	 0.52771710302958
99 	 0.52771710302958
100 	 0.5315707864710432
101 	 0.5315707864710432
102 	 0.5355548502160631
103 	 0.5355548502160631
104 	 0.5355548502160631
105 	 0.5355548502160631
106 	 0.5355548502160631
107 	 0.5355548502160631
108 	 0.5355548502160631
109 	 0.5355548502160631
110 	 0.5355548502160631
111 	 0.5355548502160631
112 	 0.5355548502160631
113 	 0.5355548502160631
114 	 0.5355548502160631
115 	 0.5355548502160631
116 	 0.5355548502160631
117 	 0.5355548502160631
118 	 0.5355548502160631
119 	 0.5355548502160631
0 	 0.014105523484098326
1 	 0.08504880683902849
2 	 0.1019647496252607
3 	 0.1019647496252607
4 	 0.13773163291572144
5 	 0.14987271480867193
6 	 0.16277006434368613
7 	 0.1835046651467186
8 	 0.19525754679980445
9 	 0.2149819279636736
10 	 0.2235128624457986
11 	 0.23791575275121918
12 	 0.2476602667720994
13 	 0.261857903575792
14 	 0.27803987692048804
15 	 0.2949018771730051
16 	 0.29880350212061924
17 	 0.30091062905074006
18 	 0.3103677235943024
19 	 0.3196558425226462
20 	 0.33075897099237395
21 	 0.33493869692169853
22 	 0.3389878284498649
23 	 0.34774443170955094
24 	 0.35662245369787254
25 	 0.3607536398152516
26 	 0.37793586809617397
27 	 0.3913995354583305
28 	 0.4012129108513937
29 	 0.40591541232092543
30 	 0.4099647885863555
31 	 0.41636541558655144
32 	 0.42061072941321204
33 	 0.42759916909709944
34 	 0.4320404204849905
35 	 0.4432088614751283
36 	 0.4432088614751283
37 	 0.4439926117200502
38 	 0.45378948978157463
39 	 0.45692449076126246
40 	 0.46130042962874335
41 	 0.47129324525149824
42 	 0.4818085610375344
43 	 0.48259231128245633
44 	 0.48268075189521026
45 	 0.49709169081351245
46 	 0.49709169081351245
47 	 0.4973529408951531
48 	 0.5021860674055052
49 	 0.50812950676283
50 	 0.5100235698547246
51 	 0.516316699906444
52 	 0.516316699906444
53 	 0.5186448225488661
54 	 0.5225213893454095
55 	 0.5241963867837299
56 	 0.5241963867837299
57 	 0.5248073275597651
58 	 0.5283995161823241
59 	 0.5340163929375981
60 	 0.5340163929375981
61 	 0.5377392066009774
62 	 0.5377392066009774
63 	 0.5381963942438486
64 	 0.5419845204276379
65 	 0.5437479584787124
66 	 0.5453154589685563
67 	 0.5475360846625017
68 	 0.5513242108462912
69 	 0.5513242108462912
70 	 0.5513242108462912
71 	 0.55485108694844
72 	 0.55485108694844
73 	 0.55485108694844
74 	 0.55485108694844
75 	 0.5602668454160571
76 	 0.5602668454160571
77 	 0.5602668454160571
78 	 0.564642784283538
79 	 0.564642784283538
80 	 0.5654179942182163
81 	 0.5697939330856971
82 	 0.5738433093511273
83 	 0.5738433093511273
84 	 0.5738433093511273
85 	 0.5738433093511273
86 	 0.5738433093511273
87 	 0.5738433093511273
88 	 0.5738433093511273
89 	 0.5738433093511273
90 	 0.5738433093511273
91 	 0.5738433093511273
92 	 0.5738433093511273
93 	 0.5738433093511273
94 	 0.5738433093511273
95 	 0.5738433093511273
96 	 0.5738433093511273
97 	 0.5738433093511273
98 	 0.5738433093511273
99 	 0.5738433093511273
100 	 0.5738433093511273
101 	 0.5738433093511273
102 	 0.5738433093511273
103 	 0.5738433093511273
104 	 0.5738433093511273
105 	 0.5738433093511273
106 	 0.5738433093511273
107 	 0.5738433093511273
108 	 0.5738433093511273
109 	 0.5738433093511273
110 	 0.5738433093511273
111 	 0.5738433093511273
112 	 0.5738433093511273
113 	 0.5738433093511273
114 	 0.5738433093511273
115 	 0.5738433093511273
116 	 0.5738433093511273
117 	 0.5738433093511273
118 	 0.5738433093511273
119 	 0.5738433093511273
0 	 0.020114360200277626
1 	 0.08685053173708662
2 	 0.09716808063016846
3 	 0.10544323994982752
4 	 0.12441205799589983
5 	 0.1431320302722966
6 	 0.1740314176250798
7 	 0.18727268622687698
8 	 0.19192908845800527
9 	 0.20809518772140423
10 	 0.22265153626293815
11 	 0.23024406350045923
12 	 0.26769289069944024
13 	 0.26769289069944024
14 	 0.27278726729143293
15 	 0.2930994611389935
16 	 0.3082933077401174
17 	 0.31600947330617957
18 	 0.32631956337332224
19 	 0.3344183159041824
20 	 0.3348194791843064
21 	 0.3504901170766995
22 	 0.3580846251628735
23 	 0.36409337704060846
24 	 0.37315356165902597
25 	 0.37590421496550747
26 	 0.3843873151695739
27 	 0.3900315777670214
28 	 0.3928265190150341
29 	 0.4020308258038962
30 	 0.4111789456673649
31 	 0.412098079542078
32 	 0.4253699826472017
33 	 0.4253699826472017
34 	 0.43496659180921327
35 	 0.4418807514117584
36 	 0.44888307980819503
37 	 0.449666830053117
38 	 0.45867995786971943
39 	 0.4587452703901296
40 	 0.45964575696332266
41 	 0.46481933478827475
42 	 0.4690646486149353
43 	 0.47180777447216216
44 	 0.4767663452969081
45 	 0.4787962141560495
46 	 0.4804290271663036
47 	 0.4848702785541947
48 	 0.49623465710556297
49 	 0.49623465710556297
50 	 0.49682246978925443
51 	 0.49688778230966457
52 	 0.501067783615915
53 	 0.5011984086567354
54 	 0.5086440359834938
55 	 0.5086440359834938
56 	 0.5091665361467752
57 	 0.5134118499734357
58 	 0.5161907133633558
59 	 0.5174612262388658
60 	 0.5187622959206426
61 	 0.5214452899838857
62 	 0.5254946662493158
63 	 0.5254946662493158
64 	 0.5301971677188475
65 	 0.5301971677188475
66 	 0.5326790434944337
67 	 0.535231400592029
68 	 0.535231400592029
69 	 0.5399339020615608
70 	 0.5399339020615608
71 	 0.5433301531228891
72 	 0.5433301531228891
73 	 0.5433301531228891
74 	 0.5433301531228891
75 	 0.5433301531228891
76 	 0.5433301531228891
77 	 0.5433301531228891
78 	 0.5433301531228891
79 	 0.5452843480087677
80 	 0.5452843480087677
81 	 0.5465957791433973
82 	 0.5465957791433973
83 	 0.5485499740292757
84 	 0.5485499740292757
85 	 0.5485499740292757
86 	 0.5485499740292757
87 	 0.5485499740292757
88 	 0.5485499740292757
89 	 0.5485499740292757
90 	 0.5485499740292757
91 	 0.5485499740292757
92 	 0.5485499740292757
93 	 0.5485499740292757
94 	 0.5485499740292757
95 	 0.5485499740292757
96 	 0.5485499740292757
97 	 0.5518156000497839
98 	 0.5518156000497839
99 	 0.5518156000497839
100 	 0.5518156000497839
101 	 0.5518156000497839
102 	 0.5518156000497839
103 	 0.5518156000497839
104 	 0.5518156000497839
105 	 0.5518156000497839
106 	 0.5518156000497839
107 	 0.5518156000497839
108 	 0.5518156000497839
109 	 0.5518156000497839
110 	 0.5518156000497839
111 	 0.5518156000497839
112 	 0.5518156000497839
113 	 0.5518156000497839
114 	 0.5518156000497839
115 	 0.5518156000497839
116 	 0.5518156000497839
117 	 0.5518156000497839
118 	 0.5518156000497839
119 	 0.5518156000497839
0 	 0.0436939240943674
1 	 0.13634513401338122
2 	 0.153950609692805
3 	 0.17792980951285242
4 	 0.19411649117445068
5 	 0.2098340849497744
6 	 0.2122960073862204
7 	 0.222132887303635
8 	 0.23437163928485533
9 	 0.2399825212879012
10 	 0.2469184818243611
11 	 0.253982314931949
12 	 0.26257705553114513
13 	 0.2737857117604758
14 	 0.29153959465689455
15 	 0.3009662385106027
16 	 0.3162849130340533
17 	 0.3259993429771302
18 	 0.3336485628382069
19 	 0.3427889310125387
20 	 0.35300538326958864
21 	 0.3573014205888992
22 	 0.3609509924129903
23 	 0.369549934990234
24 	 0.3733120315097882
25 	 0.3822600915432441
26 	 0.38248181403144615
27 	 0.39154806463890446
28 	 0.3981963465233238
29 	 0.4027026656943614
30 	 0.4124482170028402
31 	 0.41283127515953555
32 	 0.42328127842516156
33 	 0.4276572172926425
34 	 0.4360034269226967
35 	 0.4364744075480144
36 	 0.4406544088542648
37 	 0.4463447307994948
38 	 0.4502131649264923
39 	 0.4531006568546403
40 	 0.45950128385483624
41 	 0.459668484963168
42 	 0.4730059801569419
43 	 0.4730059801569419
44 	 0.47391246751040217
45 	 0.479080044555087
46 	 0.47977559892451876
47 	 0.483115699783847
48 	 0.48415153779199965
49 	 0.492404043456024
50 	 0.4953944536209576
51 	 0.4953944536209576
52 	 0.4956611291662882
53 	 0.499574454927208
54 	 0.5017351935644334
55 	 0.5017351935644334
56 	 0.503689388450312
57 	 0.5091155083707817
58 	 0.5091155083707817
59 	 0.5126423844729304
60 	 0.5126423844729304
61 	 0.5126423844729304
62 	 0.5126423844729304
63 	 0.5126423844729304
64 	 0.5126423844729304
65 	 0.5186511363506654
66 	 0.5186511363506654
67 	 0.5186511363506654
68 	 0.5186511363506654
69 	 0.5186511363506654
70 	 0.5186511363506654
71 	 0.5206053312365442
72 	 0.522047387411994
73 	 0.522047387411994
74 	 0.5240015822978725
75 	 0.5240015822978725
76 	 0.5240015822978725
77 	 0.5240015822978725
78 	 0.5240015822978725
79 	 0.5240015822978725
80 	 0.5243483310200094
81 	 0.5243483310200094
82 	 0.526302525905888
83 	 0.5303519021713181
84 	 0.5303519021713181
85 	 0.5335226406836994
86 	 0.5335226406836994
87 	 0.5345319034775685
88 	 0.5377026419899498
89 	 0.5377026419899498
90 	 0.5377026419899498
91 	 0.5393406357266302
92 	 0.5412948306125087
93 	 0.5412948306125087
94 	 0.5412948306125087
95 	 0.5412948306125087
96 	 0.5412948306125087
97 	 0.5412948306125087
98 	 0.5412948306125087
99 	 0.5412948306125087
100 	 0.5415591230634363
101 	 0.5415591230634363
102 	 0.5415591230634363
103 	 0.5415591230634363
104 	 0.5415591230634363
105 	 0.5415591230634363
106 	 0.5415591230634363
107 	 0.5415591230634363
108 	 0.5415591230634363
109 	 0.5415591230634363
110 	 0.5415591230634363
111 	 0.5415591230634363
112 	 0.5415591230634363
113 	 0.5415591230634363
114 	 0.5415591230634363
115 	 0.5415591230634363
116 	 0.5415591230634363
117 	 0.5415591230634363
118 	 0.5415591230634363
119 	 0.5415591230634363
0 	 0.048178330922763024
1 	 0.048178330922763024
2 	 0.09518017799657652
3 	 0.0965379998950891
4 	 0.11042002020074593
5 	 0.11981977794914045
6 	 0.15191061794077887
7 	 0.16565245769135328
8 	 0.17004664471612474
9 	 0.2120422225449835
10 	 0.21857347458599974
11 	 0.22706156376497033
12 	 0.23561750393870162
13 	 0.24515313191858534
14 	 0.2499209459085272
15 	 0.2584115735618484
16 	 0.26722876381722027
17 	 0.26722876381722027
18 	 0.27881847310510116
19 	 0.2858557315144024
20 	 0.28964385769819184
21 	 0.2979385477902825
22 	 0.3032288619435056
23 	 0.32205740222850043
24 	 0.32205740222850043
25 	 0.3291276517643367
26 	 0.345551375169291
27 	 0.345551375169291
28 	 0.3497966889959516
29 	 0.35373397462742934
30 	 0.36980085464832935
31 	 0.3702620205772754
32 	 0.3739788188792507
33 	 0.3870300063561707
34 	 0.38932726117563893
35 	 0.4016060150127495
36 	 0.40709226672720317
37 	 0.40709226672720317
38 	 0.41453789405396174
39 	 0.4244000846358963
40 	 0.4354366981448624
41 	 0.43602595800616883
42 	 0.44334071555484345
43 	 0.44556013880843764
44 	 0.4524181981887683
45 	 0.45790963062964835
46 	 0.45790963062964835
47 	 0.46665608290092014
48 	 0.4755388304139659
49 	 0.47625726813847763
50 	 0.47625726813847763
51 	 0.4805358148482437
52 	 0.4863205650832417
53 	 0.4954221335125981
54 	 0.49716244347132865
55 	 0.501342444777579
56 	 0.5045658863700209
57 	 0.5098562005232441
58 	 0.5133177641049826
59 	 0.5154730772785181
60 	 0.5201755787480498
61 	 0.5212534793383643
62 	 0.5297441069916855
63 	 0.5315075450427598
64 	 0.5366019216347525
65 	 0.539998172696081
66 	 0.5411084855430537
67 	 0.5445047366043823
68 	 0.5479663001861208
69 	 0.548423487828992
70 	 0.5556026843476835
71 	 0.5556026843476835
72 	 0.5594561230518831
73 	 0.5599838039415908
74 	 0.5632442492356724
75 	 0.5671630004602822
76 	 0.5709511266440717
77 	 0.5709511266440717
78 	 0.5709511266440717
79 	 0.5709511266440717
80 	 0.5709511266440717
81 	 0.5709511266440717
82 	 0.5709511266440717
83 	 0.5709511266440717
84 	 0.5709511266440717
85 	 0.5709511266440717
86 	 0.5712154190949993
87 	 0.5712154190949993
88 	 0.5712154190949993
89 	 0.5712154190949993
90 	 0.572526850229629
91 	 0.572526850229629
92 	 0.5744810451155075
93 	 0.5744810451155075
94 	 0.5744810451155075
95 	 0.5744810451155075
96 	 0.5744810451155075
97 	 0.5744810451155075
98 	 0.5744810451155075
99 	 0.5744810451155075
100 	 0.5744810451155075
101 	 0.5744810451155075
102 	 0.5744810451155075
103 	 0.5744810451155075
104 	 0.5744810451155075
105 	 0.5744810451155075
106 	 0.5744810451155075
107 	 0.5744810451155075
108 	 0.5744810451155075
109 	 0.5744810451155075
110 	 0.5744810451155075
111 	 0.5744810451155075
112 	 0.5744810451155075
113 	 0.5744810451155075
114 	 0.5744810451155075
115 	 0.5744810451155075
116 	 0.5744810451155075
117 	 0.5744810451155075
118 	 0.5744810451155075
119 	 0.5744810451155075
0 	 0.06359154376738946
1 	 0.06896759568193417
2 	 0.08247026651756084
3 	 0.10481596601813087
4 	 0.13026906534799254
5 	 0.16990388075542756
6 	 0.17210526252911634
7 	 0.20536327710415475
8 	 0.2150708588706849
9 	 0.22493304945261944
10 	 0.23586644264001094
11 	 0.24277428758817837
12 	 0.25274311943634936
13 	 0.257445620905881
14 	 0.2741690476304291
15 	 0.28782462526975033
16 	 0.30589220964878144
17 	 0.3081274663005861
18 	 0.3246755447230049
19 	 0.33587953046061525
20 	 0.337496923409413
21 	 0.347831721695675
22 	 0.36094654337136833
23 	 0.3652571697184391
24 	 0.3652571697184391
25 	 0.37054748387166225
26 	 0.376688808834671
27 	 0.37830520491638225
28 	 0.38724715405670496
29 	 0.3906434051180334
30 	 0.3986861332861463
31 	 0.40247425946993576
32 	 0.4156020760723784
33 	 0.4156020760723784
34 	 0.42291707835831666
35 	 0.42827270503195
36 	 0.4318648936545089
37 	 0.4457764605018736
38 	 0.4457764605018736
39 	 0.44825833627745976
40 	 0.4517852123796085
41 	 0.4555080260429878
42 	 0.4579245892981638
43 	 0.4692889678495321
44 	 0.47131365598224717
45 	 0.4748405320843959
46 	 0.47562428232931786
47 	 0.4829341038888298
48 	 0.4829341038888298
49 	 0.4873805360031472
50 	 0.4873805360031472
51 	 0.490640981297229
52 	 0.49351991292170244
53 	 0.4982877269116443
54 	 0.5001112967567025
55 	 0.5039647354609021
56 	 0.5039647354609021
57 	 0.5039647354609021
58 	 0.5076222366038713
59 	 0.5082100492875627
60 	 0.5082100492875627
61 	 0.5101785719875416
62 	 0.5122044625606079
63 	 0.5146198233754327
64 	 0.5146198233754327
65 	 0.5146198233754327
66 	 0.5146198233754327
67 	 0.5146198233754327
68 	 0.5165740182613112
69 	 0.5165740182613112
70 	 0.5203621444451008
71 	 0.5203621444451008
72 	 0.5203621444451008
73 	 0.5203621444451008
74 	 0.5203621444451008
75 	 0.5203621444451008
76 	 0.5209680372355043
77 	 0.5209680372355043
78 	 0.5209680372355043
79 	 0.5209680372355043
80 	 0.5209680372355043
81 	 0.5209680372355043
82 	 0.5209680372355043
83 	 0.5209680372355043
84 	 0.5209680372355043
85 	 0.5209680372355043
86 	 0.5209680372355043
87 	 0.5209680372355043
88 	 0.5209680372355043
89 	 0.5209680372355043
90 	 0.5209680372355043
91 	 0.5254092886233954
92 	 0.5254092886233954
93 	 0.5254092886233954
94 	 0.5254092886233954
95 	 0.5254092886233954
96 	 0.5254092886233954
97 	 0.5254092886233954
98 	 0.5254092886233954
99 	 0.5254092886233954
100 	 0.5254092886233954
101 	 0.5254092886233954
102 	 0.5254092886233954
103 	 0.5254092886233954
104 	 0.5254092886233954
105 	 0.5254092886233954
106 	 0.5254092886233954
107 	 0.5291321022867747
108 	 0.5291321022867747
109 	 0.5291321022867747
110 	 0.5291321022867747
111 	 0.5291321022867747
112 	 0.5291321022867747
113 	 0.5291321022867747
114 	 0.5291321022867747
115 	 0.5291321022867747
116 	 0.5291321022867747
117 	 0.5291321022867747
118 	 0.5291321022867747
119 	 0.5291321022867747
0 	 0.035875089019831385
1 	 0.09299513047245656
2 	 0.1409206021400068
3 	 0.1409206021400068
4 	 0.16350709640766908
5 	 0.1917616475385333
6 	 0.1917616475385333
7 	 0.21710588478395687
8 	 0.22495873881509876
9 	 0.23694515061324883
10 	 0.26103432703654483
11 	 0.2992665998932602
12 	 0.3083418399522155
13 	 0.3192089637895161
14 	 0.3206436229770898
15 	 0.33569861380435373
16 	 0.3460705802189153
17 	 0.3548244814244089
18 	 0.3717541652407417
19 	 0.3776976045980665
20 	 0.3776976045980665
21 	 0.3790159555580709
22 	 0.3863162597547303
23 	 0.38873542054738397
24 	 0.3975577796043549
25 	 0.4076812202679301
26 	 0.4076812202679301
27 	 0.4168051062344753
28 	 0.4252402774171677
29 	 0.42602402766208963
30 	 0.4358962290851204
31 	 0.4417643450809388
32 	 0.4475118468770331
33 	 0.4475118468770331
34 	 0.4531287236323071
35 	 0.45580653696912377
36 	 0.45606778705076445
37 	 0.46253372657137054
38 	 0.4706272983758044
39 	 0.474088861957543
40 	 0.4775023942970988
41 	 0.48560114682795896
42 	 0.4894373042539312
43 	 0.49121802358323297
44 	 0.49485355619979227
45 	 0.5009976203665301
46 	 0.5009976203665301
47 	 0.5085738727341089
48 	 0.5085738727341089
49 	 0.5085738727341089
50 	 0.5138814681655595
51 	 0.5158356630514378
52 	 0.5176644136229225
53 	 0.519759595002474
54 	 0.519759595002474
55 	 0.5218444149291728
56 	 0.525768346880209
57 	 0.5308627234722016
58 	 0.5308627234722016
59 	 0.531619247819541
60 	 0.5364796002274757
61 	 0.5364796002274757
62 	 0.5423525463379639
63 	 0.5423525463379639
64 	 0.5458794224401127
65 	 0.5458794224401127
66 	 0.5458794224401127
67 	 0.5460100474809331
68 	 0.5491450484606208
69 	 0.5495369235830818
70 	 0.5495369235830818
71 	 0.5543700500934339
72 	 0.5543700500934339
73 	 0.5543700500934339
74 	 0.5543700500934339
75 	 0.5543700500934339
76 	 0.5560733563505245
77 	 0.5580275512364029
78 	 0.5580275512364029
79 	 0.5580275512364029
80 	 0.5580275512364029
81 	 0.5580275512364029
82 	 0.562076927501833
83 	 0.562076927501833
84 	 0.562076927501833
85 	 0.562076927501833
86 	 0.562076927501833
87 	 0.562076927501833
88 	 0.562076927501833
89 	 0.562076927501833
90 	 0.562076927501833
91 	 0.562076927501833
92 	 0.562076927501833
93 	 0.562076927501833
94 	 0.562076927501833
95 	 0.562076927501833
96 	 0.562076927501833
97 	 0.562076927501833
98 	 0.562076927501833
99 	 0.562076927501833
100 	 0.562076927501833
101 	 0.562076927501833
102 	 0.562076927501833
103 	 0.562076927501833
104 	 0.562076927501833
105 	 0.562076927501833
106 	 0.562076927501833
107 	 0.562076927501833
108 	 0.562076927501833
109 	 0.562076927501833
110 	 0.562076927501833
111 	 0.562076927501833
112 	 0.562076927501833
113 	 0.562076927501833
114 	 0.562076927501833
115 	 0.562076927501833
116 	 0.562076927501833
117 	 0.562076927501833
118 	 0.562076927501833
119 	 0.562076927501833
0 	 -0.01959383001886461
1 	 0.012847638749623524
2 	 0.09180435697437905
3 	 0.10421373585230997
4 	 0.13381506689268452
5 	 0.1425669446276463
6 	 0.1758400810011168
7 	 0.19412758671596236
8 	 0.19625838908260296
9 	 0.21285900963228022
10 	 0.21285900963228022
11 	 0.2216818190717399
12 	 0.2558344773300019
13 	 0.2652949224618922
14 	 0.28267417021140795
15 	 0.29217276475398835
16 	 0.3032244694158552
17 	 0.3061717606373898
18 	 0.3237326008246462
19 	 0.33138345387029805
20 	 0.33138345387029805
21 	 0.3361080718554564
22 	 0.343161824059754
23 	 0.34809424463281485
24 	 0.3557450976784668
25 	 0.36142728695415094
26 	 0.3695339671682384
27 	 0.37078864608613216
28 	 0.3752747641536742
29 	 0.3856594548988901
30 	 0.38675562982571615
31 	 0.39212416919621956
32 	 0.4005411825387828
33 	 0.41016416585952536
34 	 0.4174791681454636
35 	 0.42263885725786643
36 	 0.4253166705946831
37 	 0.4296143842448835
38 	 0.4415043053288202
39 	 0.4424285509421457
40 	 0.4478396198086059
41 	 0.4494071202984498
42 	 0.454305559329212
43 	 0.4617511866559706
44 	 0.4617511866559706
45 	 0.46612592308310025
46 	 0.47153944991069036
47 	 0.47468306569718277
48 	 0.4774261915544096
49 	 0.48205476569672656
50 	 0.48205476569672656
51 	 0.4821200782171367
52 	 0.48689523007697105
53 	 0.4901608560974792
54 	 0.4901608560974792
55 	 0.49388366976085846
56 	 0.4971492957813666
57 	 0.4971492957813666
58 	 0.4995658590365426
59 	 0.5028314850570508
60 	 0.5046602356285352
61 	 0.5068155488020707
62 	 0.506946173842891
63 	 0.5143264886492394
64 	 0.5143264886492394
65 	 0.5143264886492394
66 	 0.5162806835351179
67 	 0.5162806835351179
68 	 0.5162806835351179
69 	 0.5162806835351179
70 	 0.5202750968081633
71 	 0.5202750968081633
72 	 0.5202750968081633
73 	 0.5230657130181986
74 	 0.5230657130181986
75 	 0.5254262456103223
76 	 0.5254262456103223
77 	 0.5254262456103223
78 	 0.5282168618203577
79 	 0.5301710567062362
80 	 0.5301710567062362
81 	 0.5301710567062362
82 	 0.5301710567062362
83 	 0.5301710567062362
84 	 0.5301710567062362
85 	 0.5301710567062362
86 	 0.5301710567062362
87 	 0.5301710567062362
88 	 0.5301710567062362
89 	 0.5301710567062362
90 	 0.5301710567062362
91 	 0.5301710567062362
92 	 0.5301710567062362
93 	 0.5301710567062362
94 	 0.5301710567062362
95 	 0.5301710567062362
96 	 0.5301710567062362
97 	 0.5301710567062362
98 	 0.5301710567062362
99 	 0.5301710567062362
100 	 0.5301710567062362
101 	 0.5301710567062362
102 	 0.5301710567062362
103 	 0.5301710567062362
104 	 0.5301710567062362
105 	 0.5301710567062362
106 	 0.5301710567062362
107 	 0.5301710567062362
108 	 0.5301710567062362
109 	 0.5301710567062362
110 	 0.5301710567062362
111 	 0.5301710567062362
112 	 0.5301710567062362
113 	 0.5301710567062362
114 	 0.5301710567062362
115 	 0.5301710567062362
116 	 0.5301710567062362
117 	 0.5301710567062362
118 	 0.5301710567062362
119 	 0.5301710567062362
0 	 0.040423982794481894
1 	 0.05658836858814631
2 	 0.073755431587539
3 	 0.10488646898555343
4 	 0.13221534660289574
5 	 0.13221534660289574
6 	 0.1589281674506523
7 	 0.18082567682535405
8 	 0.2075384976731106
9 	 0.21936006386735002
10 	 0.23529439902232197
11 	 0.23529439902232197
12 	 0.24510369373897528
13 	 0.2498223781815666
14 	 0.26886903516999544
15 	 0.2783650154127695
16 	 0.294406230650369
17 	 0.2945995088315868
18 	 0.3015906078954869
19 	 0.3124324862835739
20 	 0.3226212394675593
21 	 0.3230732583088315
22 	 0.33489999330466985
23 	 0.34822374746834306
24 	 0.3537099991827967
25 	 0.3606331263462739
26 	 0.3659887530199073
27 	 0.37140451148752446
28 	 0.37578563108143165
29 	 0.38120138954904886
30 	 0.38753670402883467
31 	 0.3970775127351447
32 	 0.3970775127351447
33 	 0.402825014531239
34 	 0.41027064185799755
35 	 0.41830432660571126
36 	 0.42320252089920973
37 	 0.435481519473584
38 	 0.4361999571980958
39 	 0.44403745964731534
40 	 0.45383433770883974
41 	 0.45383433770883974
42 	 0.4610187149539576
43 	 0.4645455910561064
44 	 0.4678112170766145
45 	 0.4681377796786653
46 	 0.47564871952583404
47 	 0.4762365322095255
48 	 0.4836168470158739
49 	 0.48466184734243645
50 	 0.48733966067925316
51 	 0.4910624743426324
52 	 0.49425760711630395
53 	 0.4978549764652893
54 	 0.5015777901286687
55 	 0.504974041189997
56 	 0.504974041189997
57 	 0.5058322340789076
58 	 0.5092284851402361
59 	 0.5092284851402361
60 	 0.512755361242385
61 	 0.5131472363648459
62 	 0.516412862385354
63 	 0.5169353625486353
64 	 0.5169353625486353
65 	 0.5202009885691434
66 	 0.522155183455022
67 	 0.522155183455022
68 	 0.522155183455022
69 	 0.522155183455022
70 	 0.522155183455022
71 	 0.522155183455022
72 	 0.522155183455022
73 	 0.522155183455022
74 	 0.522155183455022
75 	 0.522155183455022
76 	 0.522155183455022
77 	 0.522155183455022
78 	 0.5233717270815246
79 	 0.5233717270815246
80 	 0.5233717270815246
81 	 0.525325921967403
82 	 0.525325921967403
83 	 0.525325921967403
84 	 0.525325921967403
85 	 0.525325921967403
86 	 0.525325921967403
87 	 0.525325921967403
88 	 0.525325921967403
89 	 0.525325921967403
90 	 0.525325921967403
91 	 0.525325921967403
92 	 0.525325921967403
93 	 0.525325921967403
94 	 0.525325921967403
95 	 0.525325921967403
96 	 0.525325921967403
97 	 0.525325921967403
98 	 0.525325921967403
99 	 0.525325921967403
100 	 0.525325921967403
101 	 0.525325921967403
102 	 0.525325921967403
103 	 0.525325921967403
104 	 0.525325921967403
105 	 0.529175155261068
106 	 0.529175155261068
107 	 0.529175155261068
108 	 0.529175155261068
109 	 0.529175155261068
110 	 0.529175155261068
111 	 0.529175155261068
112 	 0.529175155261068
113 	 0.529175155261068
114 	 0.529175155261068
115 	 0.529175155261068
116 	 0.529175155261068
117 	 0.533033774691694
118 	 0.533033774691694
119 	 0.533033774691694
0 	 0.02730284345941586
1 	 0.037437878247361944
2 	 0.07001828971002128
3 	 0.07001828971002128
4 	 0.11165572498786308
5 	 0.11165572498786308
6 	 0.12522328294771562
7 	 0.14702408166702557
8 	 0.16354114811984038
9 	 0.17038326080701954
10 	 0.18449076521561464
11 	 0.21036493220128027
12 	 0.22447243660987543
13 	 0.2380716772316358
14 	 0.26347824767118905
15 	 0.26436285518399383
16 	 0.2677888740182598
17 	 0.27468223340879955
18 	 0.2836598164779293
19 	 0.289146068192383
20 	 0.3008036356388376
21 	 0.3066283922191801
22 	 0.31275582687389736
23 	 0.31629814529152417
24 	 0.3254774428964195
25 	 0.33488466433979336
26 	 0.33997682242747557
27 	 0.3471501527902976
28 	 0.3525057794639309
29 	 0.35806839058109063
30 	 0.362640267009802
31 	 0.3643926581785805
32 	 0.3691715190508183
33 	 0.3789595687343571
34 	 0.3789595687343571
35 	 0.3898667596428543
36 	 0.3898667596428543
37 	 0.3913036350918778
38 	 0.3941120734695148
39 	 0.39633269916346037
40 	 0.4021333672356941
41 	 0.4022725325867583
42 	 0.40579940868890707
43 	 0.4112203478829506
44 	 0.41167753552582176
45 	 0.4156615992708417
46 	 0.42009431034848876
47 	 0.42433962417514937
48 	 0.42773069451005163
49 	 0.4281277503589388
50 	 0.43596549754542213
51 	 0.43596549754542213
52 	 0.43596549754542213
53 	 0.4456317505661262
54 	 0.4456317505661262
55 	 0.4456317505661262
56 	 0.4478471955336453
57 	 0.449158626668275
58 	 0.45215782188071607
59 	 0.4597993867687051
60 	 0.4597993867687051
61 	 0.4597993867687051
62 	 0.4597993867687051
63 	 0.4641955117562722
64 	 0.4683755130625226
65 	 0.47385658405054987
66 	 0.47385658405054987
67 	 0.47385658405054987
68 	 0.47385658405054987
69 	 0.47385658405054987
70 	 0.47385658405054987
71 	 0.47487689372671504
72 	 0.4772528351118783
73 	 0.4772528351118783
74 	 0.4772528351118783
75 	 0.4772528351118783
76 	 0.4772528351118783
77 	 0.4772528351118783
78 	 0.4772528351118783
79 	 0.4772528351118783
80 	 0.4772528351118783
81 	 0.4772528351118783
82 	 0.4772528351118783
83 	 0.4772528351118783
84 	 0.4772528351118783
85 	 0.4772528351118783
86 	 0.4772528351118783
87 	 0.4772528351118783
88 	 0.4772528351118783
89 	 0.4772528351118783
90 	 0.4772528351118783
91 	 0.4772528351118783
92 	 0.4772528351118783
93 	 0.4772528351118783
94 	 0.4772528351118783
95 	 0.4772528351118783
96 	 0.4772528351118783
97 	 0.4772528351118783
98 	 0.4772528351118783
99 	 0.4772528351118783
100 	 0.4772528351118783
101 	 0.4772528351118783
102 	 0.4772528351118783
103 	 0.4772528351118783
104 	 0.4772528351118783
105 	 0.4772528351118783
106 	 0.4772528351118783
107 	 0.4772528351118783
108 	 0.4772528351118783
109 	 0.4772528351118783
110 	 0.4772528351118783
111 	 0.4772528351118783
112 	 0.4772528351118783
113 	 0.4772528351118783
114 	 0.4772528351118783
115 	 0.4772528351118783
116 	 0.4772528351118783
117 	 0.4772528351118783
118 	 0.477517127562806
119 	 0.477517127562806
0 	 -0.00811158691038455
1 	 0.0457424644973225
2 	 0.10435369910781117
3 	 0.11075432610800712
4 	 0.15366710186432575
5 	 0.15975108240207114
6 	 0.18010188466552768
7 	 0.20464084959041118
8 	 0.23132390266523012
9 	 0.23876774695123654
10 	 0.24250168903444347
11 	 0.24339600649638726
12 	 0.25829242995150326
13 	 0.2673398869043807
14 	 0.27667957732303394
15 	 0.28621520530291766
16 	 0.299996147109462
17 	 0.30110645995643476
18 	 0.30110645995643476
19 	 0.310963469811943
20 	 0.31789177770184657
21 	 0.3243443516171837
22 	 0.3295036133524088
23 	 0.34778593834082805
24 	 0.34778593834082805
25 	 0.349192627041819
26 	 0.35628691552217456
27 	 0.35628691552217456
28 	 0.36528969381075166
29 	 0.37031875788233415
30 	 0.37332313382120164
31 	 0.3860913654022442
32 	 0.3923613673616198
33 	 0.39823949419853444
34 	 0.4000820377524658
35 	 0.40801366973091
36 	 0.41275266671203736
37 	 0.4173890913808096
38 	 0.4205248566408467
39 	 0.4275132963247341
40 	 0.43534659336341885
41 	 0.4384066942507845
42 	 0.4384066942507845
43 	 0.4448736090872823
44 	 0.453293743493767
45 	 0.453293743493767
46 	 0.4540121812182788
47 	 0.4583228075653495
48 	 0.4583228075653495
49 	 0.46504999716759626
50 	 0.469360623514667
51 	 0.469360623514667
52 	 0.47340999978009707
53 	 0.47471281610792204
54 	 0.4770073691290823
55 	 0.48379469052531293
56 	 0.48498496191902946
57 	 0.4879007645043485
58 	 0.48901969215812596
59 	 0.4911663905248566
60 	 0.49358813450645905
61 	 0.49666125704611497
62 	 0.4969972849480732
63 	 0.5007673310251506
64 	 0.5013732238155542
65 	 0.5013732238155542
66 	 0.5013732238155542
67 	 0.5040329570456586
68 	 0.5048317450280058
69 	 0.5050960374789334
70 	 0.5050960374789334
71 	 0.5050960374789334
72 	 0.5083616634994415
73 	 0.5083616634994415
74 	 0.5110446456378571
75 	 0.5110446456378571
76 	 0.511282192511031
77 	 0.511558617415722
78 	 0.511558617415722
79 	 0.5161957944400161
80 	 0.5164333413131901
81 	 0.5194614204605241
82 	 0.5194614204605241
83 	 0.5194614204605241
84 	 0.5223819494721138
85 	 0.5223819494721138
86 	 0.5238373593280051
87 	 0.5266363934223527
88 	 0.5267578883395947
89 	 0.5310123322898336
90 	 0.5310123322898336
91 	 0.5310123322898336
92 	 0.5310123322898336
93 	 0.5310123322898336
94 	 0.5310123322898336
95 	 0.5310123322898336
96 	 0.5310123322898336
97 	 0.5310123322898336
98 	 0.5310123322898336
99 	 0.5310123322898336
100 	 0.5310123322898336
101 	 0.5310123322898336
102 	 0.5310123322898336
103 	 0.5310123322898336
104 	 0.5310123322898336
105 	 0.5310123322898336
106 	 0.5310123322898336
107 	 0.5310123322898336
108 	 0.5310123322898336
109 	 0.5310123322898336
110 	 0.5310123322898336
111 	 0.5310123322898336
112 	 0.5310123322898336
113 	 0.5310123322898336
114 	 0.5310123322898336
115 	 0.5310123322898336
116 	 0.5310123322898336
117 	 0.5310123322898336
118 	 0.5310123322898336
119 	 0.5310123322898336
0 	 -0.034875448550991894
1 	 0.014630130410852704
2 	 0.049964203952750696
3 	 0.06966854965644764
4 	 0.08501446494934539
5 	 0.10224461806795038
6 	 0.14051111534771177
7 	 0.14051111534771177
8 	 0.1810132473993049
9 	 0.18861516455018434
10 	 0.18861516455018434
11 	 0.20148173107098644
12 	 0.216706577457199
13 	 0.2287497459959692
14 	 0.23175513340693166
15 	 0.23275381693253572
16 	 0.24837017837441333
17 	 0.24837017837441333
18 	 0.25934268180332065
19 	 0.2674414343341809
20 	 0.28012580432385326
21 	 0.2864043465934726
22 	 0.29611363079424224
23 	 0.31727488740713494
24 	 0.32099770107051423
25 	 0.3268154253005789
26 	 0.33353156802052963
27 	 0.34896520083616467
28 	 0.3553658278363606
29 	 0.3590233289793297
30 	 0.36221259559713165
31 	 0.36699999677961326
32 	 0.37853828810345175
33 	 0.38853110372620664
34 	 0.39120670129726776
35 	 0.39775365358255615
36 	 0.4009451359661135
37 	 0.40603951255810616
38 	 0.40936358197129297
39 	 0.43131080459486315
40 	 0.43131080459486315
41 	 0.43359674280921884
42 	 0.4460603873252639
43 	 0.4460603873252639
44 	 0.4460603873252639
45 	 0.44770424721781393
46 	 0.4493913258661822
47 	 0.4530488270091513
48 	 0.4561185154684289
49 	 0.45644507807047974
50 	 0.4606903918971403
51 	 0.46695521313008964
52 	 0.4703514641914181
53 	 0.4754458407834108
54 	 0.4754458407834108
55 	 0.4796258420896612
56 	 0.48086677997745425
57 	 0.48158521770196605
58 	 0.48700615689600957
59 	 0.48700615689600957
60 	 0.4947948441563578
61 	 0.5050489098607533
62 	 0.5050540905871796
63 	 0.5100178421383519
64 	 0.5100178421383519
65 	 0.514067218403782
66 	 0.5178553445875714
67 	 0.5198095394734501
68 	 0.5226167754107357
69 	 0.5239895407797006
70 	 0.5239895407797006
71 	 0.5239895407797006
72 	 0.5264049015945251
73 	 0.5283654796471815
74 	 0.5283654796471815
75 	 0.5302583402987247
76 	 0.532218918351381
77 	 0.5346342791662055
78 	 0.5346342791662055
79 	 0.5346342791662055
80 	 0.5346342791662055
81 	 0.5346342791662055
82 	 0.5346342791662055
83 	 0.5346342791662055
84 	 0.5346342791662055
85 	 0.5346342791662055
86 	 0.5346342791662055
87 	 0.5346342791662055
88 	 0.5346342791662055
89 	 0.5346342791662055
90 	 0.5346342791662055
91 	 0.5346342791662055
92 	 0.5346342791662055
93 	 0.5346342791662055
94 	 0.5346342791662055
95 	 0.5346342791662055
96 	 0.5346342791662055
97 	 0.5346342791662055
98 	 0.5346342791662055
99 	 0.5346342791662055
100 	 0.5346342791662055
101 	 0.5346342791662055
102 	 0.5346342791662055
103 	 0.5346342791662055
104 	 0.5346342791662055
105 	 0.5346342791662055
106 	 0.5348985716171333
107 	 0.5348985716171333
108 	 0.5348985716171333
109 	 0.5348985716171333
110 	 0.5348985716171333
111 	 0.5348985716171333
112 	 0.5348985716171333
113 	 0.5348985716171333
114 	 0.5348985716171333
115 	 0.5348985716171333
116 	 0.5348985716171333
117 	 0.5348985716171333
118 	 0.5348985716171333
119 	 0.5348985716171333
0 	 -0.002152124479500528
1 	 0.018721635592719943
2 	 0.03318420608688788
3 	 0.03494487058526241
4 	 0.05010036741790069
5 	 0.07037727768773222
6 	 0.08548754518677526
7 	 0.10869915471568342
8 	 0.14257702675802902
9 	 0.16847632958792608
10 	 0.16847632958792608
11 	 0.17059199502435174
12 	 0.18269453550469195
13 	 0.18646293748402126
14 	 0.20844759207894564
15 	 0.20844759207894564
16 	 0.21562836339003655
17 	 0.23425104651373746
18 	 0.2366676097689135
19 	 0.2511016767795594
20 	 0.25123230182037976
21 	 0.263786779147105
22 	 0.263786779147105
23 	 0.2817252614813613
24 	 0.28283557432833406
25 	 0.29864120426759344
26 	 0.31536120949259505
27 	 0.31862683551310317
28 	 0.33018715162570195
29 	 0.33359443064479477
30 	 0.3454159968390342
31 	 0.3471794348901086
32 	 0.35194724888005047
33 	 0.3661853783294659
34 	 0.37134506744186874
35 	 0.3795091324931391
36 	 0.3795091324931391
37 	 0.38414632144226063
38 	 0.3906775734832769
39 	 0.395414392164256
40 	 0.3961638251977306
41 	 0.4031212695726552
42 	 0.4043622074604483
43 	 0.41755533658330113
44 	 0.4176206491037113
45 	 0.4179472117057621
46 	 0.42441315122636825
47 	 0.4260537260554552
48 	 0.43182152515503125
49 	 0.43182152515503125
50 	 0.4383324798925658
51 	 0.4426353444208036
52 	 0.4466565974117165
53 	 0.4500809717475621
54 	 0.45039891954280836
55 	 0.45467366079652904
56 	 0.45467366079652904
57 	 0.45467366079652904
58 	 0.4620539756028774
59 	 0.4620539756028774
60 	 0.4665605395111787
61 	 0.4665605395111787
62 	 0.47028335317455794
63 	 0.47028335317455794
64 	 0.47028335317455794
65 	 0.4735489791950661
66 	 0.4735489791950661
67 	 0.47596554245024214
68 	 0.4792311684707502
69 	 0.4792311684707502
70 	 0.4792311684707502
71 	 0.4792311684707502
72 	 0.4792311684707502
73 	 0.4792311684707502
74 	 0.4792311684707502
75 	 0.4792311684707502
76 	 0.483541794817821
77 	 0.483541794817821
78 	 0.483541794817821
79 	 0.483541794817821
80 	 0.483541794817821
81 	 0.48549598970369956
82 	 0.48549598970369956
83 	 0.48549598970369956
84 	 0.48549598970369956
85 	 0.48549598970369956
86 	 0.4867125333302021
87 	 0.4867125333302021
88 	 0.4867125333302021
89 	 0.4867125333302021
90 	 0.4867125333302021
91 	 0.4867125333302021
92 	 0.4886667282160808
93 	 0.4886667282160808
94 	 0.4886667282160808
95 	 0.4886667282160808
96 	 0.4886667282160808
97 	 0.4886667282160808
98 	 0.4886667282160808
99 	 0.4886667282160808
100 	 0.49381787701823976
101 	 0.49381787701823976
102 	 0.49381787701823976
103 	 0.49381787701823976
104 	 0.49381787701823976
105 	 0.49381787701823976
106 	 0.49381787701823976
107 	 0.49381787701823976
108 	 0.49381787701823976
109 	 0.49381787701823976
110 	 0.49381787701823976
111 	 0.49381787701823976
112 	 0.49381787701823976
113 	 0.49381787701823976
114 	 0.49381787701823976
115 	 0.49381787701823976
116 	 0.49381787701823976
117 	 0.49381787701823976
118 	 0.49381787701823976
119 	 0.49381787701823976
0 	 0.022126820652053958
1 	 0.09866850013208023
2 	 0.09866850013208023
3 	 0.1307755893699768
4 	 0.1374717804580491
5 	 0.1473339710399837
6 	 0.1579826185831586
7 	 0.1854583338635757
8 	 0.20628014553329865
9 	 0.20628014553329865
10 	 0.22137034161823615
11 	 0.24494905369132836
12 	 0.2607448133030044
13 	 0.262622714313898
14 	 0.26743868570720153
15 	 0.27099026420059535
16 	 0.27751396896741504
17 	 0.2874675044783442
18 	 0.2930230390936507
19 	 0.3045793848258068
20 	 0.3045793848258068
21 	 0.3180152788959124
22 	 0.3222078653894103
23 	 0.32775545924383126
24 	 0.3363292585105547
25 	 0.3369823837146563
26 	 0.34754515292811056
27 	 0.35381515488748616
28 	 0.35884421895906865
29 	 0.35884421895906865
30 	 0.3636687306626161
31 	 0.37969943144291535
32 	 0.38234811149992265
33 	 0.39488811541867386
34 	 0.39560137241675936
35 	 0.3999171794902564
36 	 0.40234235755223696
37 	 0.40625249397004215
38 	 0.4152690558670229
39 	 0.41937512984605857
40 	 0.41937512984605857
41 	 0.4230979435094378
42 	 0.4270218754604739
43 	 0.4283934383890873
44 	 0.4370748228772126
45 	 0.4374666979996736
46 	 0.4374666979996736
47 	 0.4415160742651037
48 	 0.4428876371937171
49 	 0.4468545985807509
50 	 0.45632491404022446
51 	 0.45632491404022446
52 	 0.45959054006073263
53 	 0.46050491534647486
54 	 0.46377054136698304
55 	 0.46559929193846755
56 	 0.4688649179589757
57 	 0.4708191128448543
58 	 0.4708191128448543
59 	 0.4729142942244058
60 	 0.4729142942244058
61 	 0.47486848911028434
62 	 0.47486848911028434
63 	 0.47486848911028434
64 	 0.47486848911028434
65 	 0.47486848911028434
66 	 0.4783352334184493
67 	 0.4783352334184493
68 	 0.48348638222060847
69 	 0.48348638222060847
70 	 0.48348638222060847
71 	 0.48348638222060847
72 	 0.48348638222060847
73 	 0.4879276336084995
74 	 0.4879276336084995
75 	 0.4879276336084995
76 	 0.4879276336084995
77 	 0.4879276336084995
78 	 0.4879276336084995
79 	 0.4898818284943781
80 	 0.4898818284943781
81 	 0.4898818284943781
82 	 0.4898818284943781
83 	 0.4898818284943781
84 	 0.4898818284943781
85 	 0.4898818284943781
86 	 0.4898818284943781
87 	 0.4898818284943781
88 	 0.4898818284943781
89 	 0.4898818284943781
90 	 0.4898818284943781
91 	 0.4898818284943781
92 	 0.4898818284943781
93 	 0.4898818284943781
94 	 0.4898818284943781
95 	 0.4898818284943781
96 	 0.4898818284943781
97 	 0.4898818284943781
98 	 0.4898818284943781
99 	 0.4898818284943781
100 	 0.4898818284943781
101 	 0.4898818284943781
102 	 0.4898818284943781
103 	 0.4898818284943781
104 	 0.4898818284943781
105 	 0.4898818284943781
106 	 0.4898818284943781
107 	 0.4898818284943781
108 	 0.4898818284943781
109 	 0.4898818284943781
110 	 0.4898818284943781
111 	 0.4898818284943781
112 	 0.49218207755873844
113 	 0.49218207755873844
114 	 0.4941362724446169
115 	 0.4941362724446169
116 	 0.4941362724446169
117 	 0.4941362724446169
118 	 0.4941362724446169
119 	 0.4941362724446169
0 	 0.0478165837602737
1 	 0.05883541829884431
2 	 0.1040631929619436
3 	 0.131718619214662
4 	 0.15483152929256805
5 	 0.15483152929256805
6 	 0.19378453070439655
7 	 0.20252094249608277
8 	 0.226989067973963
9 	 0.226989067973963
10 	 0.23338969497415896
11 	 0.24625698233869858
12 	 0.25575231747074667
13 	 0.2561418249065029
14 	 0.28237491824342187
15 	 0.29744417906668297
16 	 0.29744417906668297
17 	 0.30116699273006226
18 	 0.3074626594727383
19 	 0.315927622342759
20 	 0.32908110372850213
21 	 0.3403801697594603
22 	 0.34286204553504646
23 	 0.34359422428965897
24 	 0.34795642212703914
25 	 0.35403048652518426
26 	 0.3563078826852283
27 	 0.362623368380622
28 	 0.3738009394943381
29 	 0.3738009394943381
30 	 0.37830446103335236
31 	 0.392216027880717
32 	 0.3981594672380418
33 	 0.3981594672380418
34 	 0.407563267736754
35 	 0.40828290790161703
36 	 0.4122197068891736
37 	 0.41777127112403745
38 	 0.43017546927554196
39 	 0.43037228083035267
40 	 0.43914220632826134
41 	 0.43938971537980126
42 	 0.4431726608371643
43 	 0.44826703742915697
44 	 0.4500481947964073
45 	 0.4560432056440414
46 	 0.4615242766320687
47 	 0.4666186532240613
48 	 0.47537053095902315
49 	 0.47537053095902315
50 	 0.48222530323280344
51 	 0.48222530323280344
52 	 0.48268553324496133
53 	 0.48811165316543126
54 	 0.48811165316543126
55 	 0.49111084837787233
56 	 0.4929395989493569
57 	 0.49875241326586134
58 	 0.49875241326586134
59 	 0.4993454066759792
60 	 0.5018874142455492
61 	 0.5131428458140623
62 	 0.5131428458140623
63 	 0.5184279792408593
64 	 0.5221507929042386
65 	 0.522300339701586
66 	 0.522300339701586
67 	 0.522300339701586
68 	 0.5258082940472076
69 	 0.5258082940472076
70 	 0.5258082940472076
71 	 0.5258082940472076
72 	 0.5258082940472076
73 	 0.5258082940472076
74 	 0.5258082940472076
75 	 0.5258082940472076
76 	 0.5281842354323709
77 	 0.5281842354323709
78 	 0.5336460412336907
79 	 0.5336460412336907
80 	 0.5336460412336907
81 	 0.5336460412336907
82 	 0.5336460412336907
83 	 0.5336460412336907
84 	 0.5336460412336907
85 	 0.5336460412336907
86 	 0.5336460412336907
87 	 0.5336460412336907
88 	 0.5336460412336907
89 	 0.5336460412336907
90 	 0.5373082296248424
91 	 0.5373082296248424
92 	 0.5373082296248424
93 	 0.5373082296248424
94 	 0.5412269808494522
95 	 0.5412269808494522
96 	 0.5412269808494522
97 	 0.5412269808494522
98 	 0.5412269808494522
99 	 0.5412269808494522
100 	 0.5412269808494522
101 	 0.5412269808494522
102 	 0.5443977193618332
103 	 0.5443977193618332
104 	 0.5443977193618332
105 	 0.5443977193618332
106 	 0.5443977193618332
107 	 0.5443977193618332
108 	 0.5443977193618332
109 	 0.5443977193618332
110 	 0.5443977193618332
111 	 0.5443977193618332
112 	 0.5443977193618332
113 	 0.5443977193618332
114 	 0.5443977193618332
115 	 0.5443977193618332
116 	 0.5443977193618332
117 	 0.5443977193618332
118 	 0.5443977193618332
119 	 0.5443977193618332
0 	 0.033918771142173176
1 	 0.08878204044242854
2 	 0.09268699868459152
3 	 0.09268699868459152
4 	 0.09437792754548718
5 	 0.12586913289874402
6 	 0.12586913289874402
7 	 0.1411878074221946
8 	 0.15090589235933782
9 	 0.16711953740504193
10 	 0.17208328895621428
11 	 0.17849901082492126
12 	 0.18821469890702125
13 	 0.19973013459046562
14 	 0.21020868440865526
15 	 0.21143108788958032
16 	 0.22523056410299258
17 	 0.2314912779047052
18 	 0.24396596930304626
19 	 0.2512247891921528
20 	 0.29044470031195857
21 	 0.29044470031195857
22 	 0.30338398271414946
23 	 0.31422586110223644
24 	 0.31422586110223644
25 	 0.3268311775413978
26 	 0.3310764913680584
27 	 0.3390961383960618
28 	 0.3392405564193287
29 	 0.3457018330810666
30 	 0.35444458069245
31 	 0.3607798951722358
32 	 0.36241270818248983
33 	 0.37024001983957205
34 	 0.3746674782450163
35 	 0.3752139621828817
36 	 0.38714216964335735
37 	 0.3928896714394517
38 	 0.3979840480314444
39 	 0.4015762366540033
40 	 0.4152356835433058
41 	 0.42182311798115374
42 	 0.42280280578730617
43 	 0.4316853085630883
44 	 0.4375634354000029
45 	 0.4379644406460424
46 	 0.4433200673196757
47 	 0.4479572562687973
48 	 0.4529863203403798
49 	 0.4571663216466302
50 	 0.46128101043247044
51 	 0.4672897623102054
52 	 0.47545382736147573
53 	 0.4865569558312034
54 	 0.4865569558312034
55 	 0.49060633209663346
56 	 0.4953088335661652
57 	 0.4972028966580599
58 	 0.50125227292349
59 	 0.50125227292349
60 	 0.5035330304114194
61 	 0.506869149678764
62 	 0.5131391516381396
63 	 0.5131391516381396
64 	 0.5135258460341743
65 	 0.5173191529443899
66 	 0.520976654087359
67 	 0.5271761627998983
68 	 0.5271761627998983
69 	 0.5282916563732973
70 	 0.5282916563732973
71 	 0.5308336639428674
72 	 0.533124770958822
73 	 0.5369128971426114
74 	 0.5369128971426114
75 	 0.5386058538716767
76 	 0.5408969608876313
77 	 0.5421327299738254
78 	 0.5455994623571631
79 	 0.5480813381327492
80 	 0.5544081123022913
81 	 0.5544081123022913
82 	 0.5544081123022913
83 	 0.5579349884044401
84 	 0.5579349884044401
85 	 0.5579349884044401
86 	 0.5579349884044401
87 	 0.5579349884044401
88 	 0.5579349884044401
89 	 0.5583567349037246
90 	 0.5583567349037246
91 	 0.5603109297896032
92 	 0.5603109297896032
93 	 0.5603109297896032
94 	 0.5603109297896032
95 	 0.5603109297896032
96 	 0.5603109297896032
97 	 0.5603109297896032
98 	 0.5603109297896032
99 	 0.5603109297896032
100 	 0.5603109297896032
101 	 0.5603109297896032
102 	 0.5603109297896032
103 	 0.5603109297896032
104 	 0.5603109297896032
105 	 0.5603109297896032
106 	 0.5603109297896032
107 	 0.5603109297896032
108 	 0.5603109297896032
109 	 0.5603109297896032
110 	 0.5603109297896032
111 	 0.5603109297896032
112 	 0.5603109297896032
113 	 0.5603109297896032
114 	 0.5603109297896032
115 	 0.5603109297896032
116 	 0.5603109297896032
117 	 0.5603109297896032
118 	 0.5603109297896032
119 	 0.5603109297896032
0 	 0.04522162817434672
1 	 0.07543469898975941
2 	 0.10001994912037526
3 	 0.11322467236759892
4 	 0.13415220395083705
5 	 0.15787332608113802
6 	 0.180217235886041
7 	 0.18785157552105602
8 	 0.2039437078658305
9 	 0.23683783565130978
10 	 0.25022910697506195
11 	 0.2689738003327786
12 	 0.2766806777411778
13 	 0.27863487262705633
14 	 0.2883063063741868
15 	 0.2964406036525195
16 	 0.3022178732215514
17 	 0.3100909204182435
18 	 0.3212593614083813
19 	 0.32583123783709267
20 	 0.32583123783709267
21 	 0.331970614755648
22 	 0.33986429960169917
23 	 0.34952799928346123
24 	 0.35509124698084554
25 	 0.3627137752168498
26 	 0.3675285901333657
27 	 0.3819626571440116
28 	 0.3819626571440116
29 	 0.3870592522403146
30 	 0.3948945361852238
31 	 0.4016143681514218
32 	 0.40543038206940646
33 	 0.416515198945298
34 	 0.42382798272692584
35 	 0.43271048550270796
36 	 0.4479253405361599
37 	 0.44897034086272253
38 	 0.45086958468104354
39 	 0.4608577469418223
40 	 0.4608577469418223
41 	 0.4608577469418223
42 	 0.46444993556438124
43 	 0.4668664988195573
44 	 0.4668664988195573
45 	 0.4668664988195573
46 	 0.4710465001258077
47 	 0.47353302926336993
48 	 0.4778436556104407
49 	 0.479210565177078
50 	 0.4818883785138947
51 	 0.482807407161613
52 	 0.4882890055140906
53 	 0.49259963186116135
54 	 0.4999146341470996
55 	 0.4999146341470996
56 	 0.4999146341470996
57 	 0.5034415102492484
58 	 0.5073602614738582
59 	 0.5090553446352353
60 	 0.5111483876576475
61 	 0.5132383883107727
62 	 0.5154590140047183
63 	 0.5182674523823553
64 	 0.5207493281579414
65 	 0.5240149541784496
66 	 0.5240149541784496
67 	 0.5262355798723951
68 	 0.5262355798723951
69 	 0.5312646439439777
70 	 0.5312646439439777
71 	 0.5312646439439777
72 	 0.5360324579339195
73 	 0.5360324579339195
74 	 0.5360324579339195
75 	 0.5360324579339195
76 	 0.5360324579339195
77 	 0.5360324579339195
78 	 0.5360324579339195
79 	 0.5360324579339195
80 	 0.537986652819798
81 	 0.537986652819798
82 	 0.537986652819798
83 	 0.537986652819798
84 	 0.5419810660928432
85 	 0.5419810660928432
86 	 0.5419810660928432
87 	 0.5455732547154022
88 	 0.5455732547154022
89 	 0.5455732547154022
90 	 0.5455732547154022
91 	 0.5455732547154022
92 	 0.5475274496012806
93 	 0.5475274496012806
94 	 0.5475274496012806
95 	 0.5475274496012806
96 	 0.5475274496012806
97 	 0.5475274496012806
98 	 0.5475274496012806
99 	 0.5475274496012806
100 	 0.5475274496012806
101 	 0.5475274496012806
102 	 0.5475274496012806
103 	 0.5475274496012806
104 	 0.5475274496012806
105 	 0.5475274496012806
106 	 0.5475274496012806
107 	 0.5475274496012806
108 	 0.5475274496012806
109 	 0.5475274496012806
110 	 0.5475274496012806
111 	 0.5475274496012806
112 	 0.5475274496012806
113 	 0.5475274496012806
114 	 0.5475274496012806
115 	 0.5475274496012806
116 	 0.5475274496012806
117 	 0.5475274496012806
118 	 0.5475274496012806
119 	 0.5475274496012806
0 	 0.02375326257539223
1 	 0.08606490901104624
2 	 0.08606490901104624
3 	 0.10145199302394131
4 	 0.11465671627116508
5 	 0.1412530400860963
6 	 0.14165650933292812
7 	 0.17550682701200804
8 	 0.17763546938164015
9 	 0.18341482270806403
10 	 0.19958212932429148
11 	 0.21022807015114797
12 	 0.21956776056980126
13 	 0.2348330292446031
14 	 0.26269665052589675
15 	 0.2727782400889592
16 	 0.28786543230370676
17 	 0.2944619968651332
18 	 0.3120012970825292
19 	 0.31559348570508816
20 	 0.32205942522569425
21 	 0.3307459904402459
22 	 0.3399550558180788
23 	 0.3434819319202276
24 	 0.36117279383484113
25 	 0.3673998165664971
26 	 0.3673998165664971
27 	 0.37123092197800617
28 	 0.3789466305029459
29 	 0.3823425907579778
30 	 0.39593555202458663
31 	 0.39593555202458663
32 	 0.40246680406560287
33 	 0.4050772523008664
34 	 0.40893274358620896
35 	 0.4261585795239348
36 	 0.4268117047280364
37 	 0.4370004579120218
38 	 0.44176827190196366
39 	 0.44340108491221775
40 	 0.44340108491221775
41 	 0.4481688989021596
42 	 0.45176108752471855
43 	 0.45176108752471855
44 	 0.45509202606563687
45 	 0.46266827843321573
46 	 0.46266827843321573
47 	 0.4653460917700324
48 	 0.4714201561681775
49 	 0.4714201561681775
50 	 0.47971484626026817
51 	 0.47971484626026817
52 	 0.48343765992364746
53 	 0.48343765992364746
54 	 0.48709516106661654
55 	 0.4940182882300938
56 	 0.4940182882300938
57 	 0.4953898511587072
58 	 0.4983289145771645
59 	 0.4997657900261881
60 	 0.5035539162099776
61 	 0.5050561041794113
62 	 0.5050561041794113
63 	 0.505508111095856
64 	 0.5088442303632007
65 	 0.5088442303632007
66 	 0.5124364189857596
67 	 0.5126323565469901
68 	 0.5132803010246654
69 	 0.520208608914569
70 	 0.520208608914569
71 	 0.520208608914569
72 	 0.5258856174638268
73 	 0.5271021610903294
74 	 0.5271021610903294
75 	 0.5271021610903294
76 	 0.5271021610903294
77 	 0.529056355976208
78 	 0.529056355976208
79 	 0.529056355976208
80 	 0.529056355976208
81 	 0.529056355976208
82 	 0.5368941031626913
83 	 0.5368941031626913
84 	 0.5368941031626913
85 	 0.5368941031626913
86 	 0.5368941031626913
87 	 0.5368941031626913
88 	 0.5371583956136188
89 	 0.5371583956136188
90 	 0.5371583956136188
91 	 0.5371583956136188
92 	 0.5371583956136188
93 	 0.5371583956136188
94 	 0.5371583956136188
95 	 0.5371583956136188
96 	 0.5371583956136188
97 	 0.5371583956136188
98 	 0.5371583956136188
99 	 0.5371583956136188
100 	 0.5371583956136188
101 	 0.5371583956136188
102 	 0.5371583956136188
103 	 0.5371583956136188
104 	 0.5371583956136188
105 	 0.5371583956136188
106 	 0.5371583956136188
107 	 0.5371583956136188
108 	 0.5371583956136188
109 	 0.5371583956136188
110 	 0.5371583956136188
111 	 0.5371583956136188
112 	 0.5371583956136188
113 	 0.5371583956136188
114 	 0.5371583956136188
115 	 0.5371583956136188
116 	 0.5371583956136188
117 	 0.5371583956136188
118 	 0.5371583956136188
119 	 0.5371583956136188
0 	 0.014619371959732286
1 	 0.027084705036067414
2 	 0.06664626857112266
3 	 0.12038339022094696
4 	 0.12038339022094696
5 	 0.15569657770190282
6 	 0.15970025350710937
7 	 0.18961148938618155
8 	 0.21696794494361105
9 	 0.22648952158956542
10 	 0.24256695115869076
11 	 0.24955713615323638
12 	 0.2712808566081283
13 	 0.2712808566081283
14 	 0.27669318099536716
15 	 0.2805705249802509
16 	 0.2893724247617433
17 	 0.2899602374454348
18 	 0.29772724664781786
19 	 0.3047775647717371
20 	 0.31112149405832745
21 	 0.31810131893541027
22 	 0.3214322574763286
23 	 0.3271988425006118
24 	 0.3333763060419946
25 	 0.3402422633544554
26 	 0.34814387588373374
27 	 0.35443416351164964
28 	 0.36377385393030287
29 	 0.36906416808352605
30 	 0.37720794746625613
31 	 0.38145326129291673
32 	 0.39027045154828865
33 	 0.3903357640686988
34 	 0.40816608214067324
35 	 0.40816608214067324
36 	 0.4104898602894696
37 	 0.4182895228042484
38 	 0.42457119562535944
39 	 0.42958858883520656
40 	 0.4314774712006751
41 	 0.43385909641868076
42 	 0.435853410068156
43 	 0.44281858257660844
44 	 0.4445872013541091
45 	 0.44768664712413075
46 	 0.44840508484864255
47 	 0.45278102371612344
48 	 0.45278102371612344
49 	 0.45604664973663156
50 	 0.45604664973663156
51 	 0.46133696388985473
52 	 0.46415058299391804
53 	 0.46415058299391804
54 	 0.46741102828799985
55 	 0.47159102959425026
56 	 0.47159102959425026
57 	 0.4732943358513408
58 	 0.47621486486293035
59 	 0.47985078164917067
60 	 0.47985078164917067
61 	 0.48384519492221584
62 	 0.48384519492221584
63 	 0.48384519492221584
64 	 0.48384519492221584
65 	 0.48946207167748984
66 	 0.48946207167748984
67 	 0.48946207167748984
68 	 0.4914162665633684
69 	 0.4914162665633684
70 	 0.4914162665633684
71 	 0.4931242600686415
72 	 0.4931242600686415
73 	 0.4931242600686415
74 	 0.49507845495451996
75 	 0.49507845495451996
76 	 0.49507845495451996
77 	 0.49985144967088824
78 	 0.49985144967088824
79 	 0.49985144967088824
80 	 0.5027883116891997
81 	 0.5031148742912505
82 	 0.5065764378729891
83 	 0.5065764378729891
84 	 0.5065764378729891
85 	 0.5085306327588676
86 	 0.5103354307769692
87 	 0.5114748769037514
88 	 0.5134290717896297
89 	 0.5134290717896297
90 	 0.5148809526323133
91 	 0.5148809526323133
92 	 0.5190609539385638
93 	 0.5197793916630755
94 	 0.5197793916630755
95 	 0.5239593929693259
96 	 0.5239593929693259
97 	 0.5239593929693259
98 	 0.5239593929693259
99 	 0.5239593929693259
100 	 0.5239593929693259
101 	 0.5239593929693259
102 	 0.5239593929693259
103 	 0.5239593929693259
104 	 0.5239593929693259
105 	 0.527130131481707
106 	 0.527130131481707
107 	 0.527130131481707
108 	 0.5273944239326346
109 	 0.5273944239326346
110 	 0.5273944239326346
111 	 0.5273944239326346
112 	 0.5273944239326346
113 	 0.5273944239326346
114 	 0.5273944239326346
115 	 0.5273944239326346
116 	 0.5273944239326346
117 	 0.5273944239326346
118 	 0.5273944239326346
119 	 0.5273944239326346
0 	 0.03501628908573995
1 	 0.04037191575937327
2 	 0.09392902111912971
3 	 0.1188361666796971
4 	 0.1418731946107531
5 	 0.16365780865480972
6 	 0.186790751482507
7 	 0.20857536552656386
8 	 0.23380616756654393
9 	 0.23380616756654393
10 	 0.25131793709860983
11 	 0.2600889185016929
12 	 0.2600889185016929
13 	 0.27513206219709463
14 	 0.2870842534321544
15 	 0.2948201739662396
16 	 0.2948201739662396
17 	 0.3003064256806933
18 	 0.30955480282253733
19 	 0.3153023046186316
20 	 0.3153023046186316
21 	 0.3234653581978072
22 	 0.32823317218774906
23 	 0.33763918659890724
24 	 0.34070887505818487
25 	 0.3465870018950995
26 	 0.3500709213137436
27 	 0.3610863814261556
28 	 0.37708794892664543
29 	 0.37708794892664543
30 	 0.3853025094003837
31 	 0.3882563899167833
32 	 0.39367732911082676
33 	 0.40035029580173
34 	 0.41060436150612556
35 	 0.41111493346962275
36 	 0.4198805522346853
37 	 0.4246999377149366
38 	 0.433099588064547
39 	 0.43825927717694985
40 	 0.4446599041771458
41 	 0.45013754108479487
42 	 0.4554364700448226
43 	 0.4695439744534178
44 	 0.4695439744534178
45 	 0.47065428730039055
46 	 0.47444241348418
47 	 0.47875303983125067
48 	 0.47875303983125067
49 	 0.48476179170898565
50 	 0.48476179170898565
51 	 0.4886805429335954
52 	 0.49710585806650637
53 	 0.49710585806650637
54 	 0.503375860025882
55 	 0.503375860025882
56 	 0.5122583628016641
57 	 0.5164383641079145
58 	 0.5185283647610397
59 	 0.5231002411897512
60 	 0.5279333677001031
61 	 0.5279333677001031
62 	 0.5321133690063535
63 	 0.5363586828330141
64 	 0.5363586828330141
65 	 0.5363586828330141
66 	 0.5398202464147528
67 	 0.5398202464147528
68 	 0.5400814964963934
69 	 0.5400814964963934
70 	 0.5416981474256461
71 	 0.543543060078132
72 	 0.5454209610890255
73 	 0.5454209610890255
74 	 0.5472005612211011
75 	 0.549274399793225
76 	 0.5511659682601764
77 	 0.5514812299539396
78 	 0.5544315942806846
79 	 0.5576972203011926
80 	 0.5585316225744199
81 	 0.5617972485949281
82 	 0.5617972485949281
83 	 0.5637514434808065
84 	 0.5670170695013146
85 	 0.5674089446237756
86 	 0.5687203757584053
87 	 0.5706745706442837
88 	 0.5706745706442837
89 	 0.5743320717872529
90 	 0.5743320717872529
91 	 0.5743320717872529
92 	 0.5743320717872529
93 	 0.5743320717872529
94 	 0.5743320717872529
95 	 0.5743320717872529
96 	 0.5743320717872529
97 	 0.5743320717872529
98 	 0.5743320717872529
99 	 0.5743320717872529
100 	 0.5743320717872529
101 	 0.5743320717872529
102 	 0.5743320717872529
103 	 0.5743320717872529
104 	 0.5743320717872529
105 	 0.5743320717872529
106 	 0.5743320717872529
107 	 0.5743320717872529
108 	 0.5743320717872529
109 	 0.5743320717872529
110 	 0.5743320717872529
111 	 0.5743320717872529
112 	 0.5743320717872529
113 	 0.5743320717872529
114 	 0.5743320717872529
115 	 0.5743320717872529
116 	 0.5743320717872529
117 	 0.5743320717872529
118 	 0.5743320717872529
119 	 0.5743320717872529
0 	 0.0017675761150690583
1 	 0.04397287675192052
2 	 0.06693053614344624
3 	 0.10087303375440593
4 	 0.10331452941500918
5 	 0.11467781016493017
6 	 0.13489888357848867
7 	 0.15595557888199896
8 	 0.16733155155773816
9 	 0.18271553860159873
10 	 0.18838785754969978
11 	 0.18838785754969978
12 	 0.19150779645154348
13 	 0.20145036163173236
14 	 0.20952404645300537
15 	 0.22030797001631575
16 	 0.2351265544537891
17 	 0.24759148682928456
18 	 0.2548332755942253
19 	 0.26349808113234163
20 	 0.2713587116739048
21 	 0.27739964234796327
22 	 0.295995225530472
23 	 0.295995225530472
24 	 0.2986175966744615
25 	 0.30827397936758255
26 	 0.3097207251441892
27 	 0.31728710718418496
28 	 0.31944242035772036
29 	 0.3256221773912583
30 	 0.3409056182820882
31 	 0.346849057639413
32 	 0.3478841876383924
33 	 0.35430119126422577
34 	 0.36637750124205165
35 	 0.37663156694644717
36 	 0.3792440677628537
37 	 0.39073907135504227
38 	 0.3945271975388317
39 	 0.39844594876344147
40 	 0.405499700967739
41 	 0.4117697029271147
42 	 0.41450295845675833
43 	 0.41614564179459557
44 	 0.422742206356022
45 	 0.4233953315601236
46 	 0.4266609575806317
47 	 0.43606596051969515
48 	 0.43606596051969515
49 	 0.44539578061076524
50 	 0.44880190199967684
51 	 0.45069596509157156
52 	 0.4590460973764892
53 	 0.46009109770305184
54 	 0.4653160993358648
55 	 0.4736761019483656
56 	 0.479031728621999
57 	 0.479031728621999
58 	 0.479031728621999
59 	 0.48419141773440183
60 	 0.484256730254812
61 	 0.48941641936721486
62 	 0.4903307946529571
63 	 0.4930086079897738
64 	 0.4955557962857701
65 	 0.49914798490832907
66 	 0.499931735153251
67 	 0.5029361110921184
68 	 0.5035892362962202
69 	 0.5073773624800095
70 	 0.5079651751637011
71 	 0.5079651751637011
72 	 0.5079651751637011
73 	 0.5116879888270802
74 	 0.5137779894802055
75 	 0.5157373650925103
76 	 0.5175008031435848
77 	 0.5215501794090149
78 	 0.5258608057560856
79 	 0.5258608057560856
80 	 0.5258608057560856
81 	 0.5278150006419642
82 	 0.5278150006419642
83 	 0.5278150006419642
84 	 0.5278150006419642
85 	 0.5278150006419642
86 	 0.5278150006419642
87 	 0.5278150006419642
88 	 0.5278150006419642
89 	 0.5278150006419642
90 	 0.5278150006419642
91 	 0.5278150006419642
92 	 0.5278150006419642
93 	 0.5278150006419642
94 	 0.527903441254718
95 	 0.527903441254718
96 	 0.527903441254718
97 	 0.527903441254718
98 	 0.527903441254718
99 	 0.527903441254718
100 	 0.527903441254718
101 	 0.527903441254718
102 	 0.5287710384269181
103 	 0.5287710384269181
104 	 0.5287710384269181
105 	 0.5287710384269181
106 	 0.5287710384269181
107 	 0.5287710384269181
108 	 0.5287710384269181
109 	 0.5287710384269181
110 	 0.5287710384269181
111 	 0.5287710384269181
112 	 0.5287710384269181
113 	 0.5287710384269181
114 	 0.5287710384269181
115 	 0.5287710384269181
116 	 0.5287710384269181
117 	 0.5290353308778456
118 	 0.5403642548032687
119 	 0.5403642548032687
0 	 -0.0036623353991176444
1 	 0.020653965622299486
2 	 0.027937405079754618
3 	 0.06736236365950732
4 	 0.07517213807521983
5 	 0.08157276507541578
6 	 0.12048448519332833
7 	 0.13499523095136445
8 	 0.14336897459396614
9 	 0.181662991786662
10 	 0.18806361878685796
11 	 0.1947254958686946
12 	 0.1982780367541438
13 	 0.20388485221357816
14 	 0.21033050099854106
15 	 0.22575985930280035
16 	 0.22667423458854258
17 	 0.23765142526563227
18 	 0.24117830136778107
19 	 0.24610240518184368
20 	 0.25139271933506685
21 	 0.2589689717026457
22 	 0.26736862205225626
23 	 0.2780651154019476
24 	 0.28092020944504326
25 	 0.2862944929736281
26 	 0.29769929630587216
27 	 0.30296033974176806
28 	 0.30677773664288477
29 	 0.3185303843826872
30 	 0.326890386995188
31 	 0.3316283900666299
32 	 0.33642601497507174
33 	 0.34204289173034574
34 	 0.3506641444244872
35 	 0.3552679165210819
36 	 0.3570391066413827
37 	 0.36683183856770757
38 	 0.367350732796962
39 	 0.37388559077200517
40 	 0.37388559077200517
41 	 0.3789799673639978
42 	 0.3871121367473848
43 	 0.3875040118698458
44 	 0.38753590753772915
45 	 0.39018182520666245
46 	 0.3934140343746438
47 	 0.39347574096102705
48 	 0.39909261771630106
49 	 0.40128134774236324
50 	 0.4100985379977352
51 	 0.4155194771917787
52 	 0.4155194771917787
53 	 0.421655811741047
54 	 0.42727268849632094
55 	 0.42727268849632094
56 	 0.42903916891668237
57 	 0.4302801068044754
58 	 0.4327589402107746
59 	 0.43406823298826486
60 	 0.43752675420071646
61 	 0.43752675420071646
62 	 0.44079238022122463
63 	 0.44497238152747504
64 	 0.44497238152747504
65 	 0.44523667397840266
66 	 0.4501235303296341
67 	 0.4501235303296341
68 	 0.4503878227805617
69 	 0.4521726127236396
70 	 0.4533891563501422
71 	 0.45365344880106984
72 	 0.45534335123602077
73 	 0.45534335123602077
74 	 0.45560764368694845
75 	 0.45560764368694845
76 	 0.45560764368694845
77 	 0.45560764368694845
78 	 0.45560764368694845
79 	 0.45560764368694845
80 	 0.4556960842997023
81 	 0.4556960842997023
82 	 0.4556960842997023
83 	 0.4565903108193813
84 	 0.4596904975727475
85 	 0.4596904975727475
86 	 0.4596904975727475
87 	 0.46353138534877597
88 	 0.46752579862182125
89 	 0.46947999350769976
90 	 0.4713139248056107
91 	 0.4713139248056107
92 	 0.4713139248056107
93 	 0.4732681196914892
94 	 0.4751020509894001
95 	 0.4751020509894001
96 	 0.4751020509894001
97 	 0.4770562458752786
98 	 0.4770562458752786
99 	 0.4770562458752786
100 	 0.4770562458752786
101 	 0.4770562458752786
102 	 0.48293979817588323
103 	 0.48293979817588323
104 	 0.48293979817588323
105 	 0.48293979817588323
106 	 0.48293979817588323
107 	 0.48293979817588323
108 	 0.48293979817588323
109 	 0.48293979817588323
110 	 0.48293979817588323
111 	 0.48293979817588323
112 	 0.48293979817588323
113 	 0.48293979817588323
114 	 0.48293979817588323
115 	 0.48293979817588323
116 	 0.48293979817588323
117 	 0.48293979817588323
118 	 0.48293979817588323
119 	 0.48293979817588323
0 	 0.09326414664827076
1 	 0.10753920462123023
2 	 0.12238300852981154
3 	 0.1404111909594412
4 	 0.14216620156961235
5 	 0.17103228735529225
6 	 0.18586201267627228
7 	 0.2057916195590349
8 	 0.2129759968041528
9 	 0.23106756495776787
10 	 0.2621187316899206
11 	 0.2621187316899206
12 	 0.28048075728597327
13 	 0.2860053692296571
14 	 0.29205481442867287
15 	 0.2949883115274661
16 	 0.3074370060477689
17 	 0.31547862076865574
18 	 0.3242958110240277
19 	 0.3319838024524978
20 	 0.33828643142190323
21 	 0.3570397395864245
22 	 0.3614555927681232
23 	 0.36295011183735176
24 	 0.3787643565834157
25 	 0.37953949202153303
26 	 0.3890785540817951
27 	 0.3890785540817951
28 	 0.3967548746839271
29 	 0.4044269963781833
30 	 0.4172334311050015
31 	 0.422248699643353
32 	 0.422248699643353
33 	 0.42526169038902517
34 	 0.429699507696538
35 	 0.43936576071724204
36 	 0.444982637472516
37 	 0.4475899575624961
38 	 0.44981576398286804
39 	 0.4525588898400949
40 	 0.4588288917994705
41 	 0.46026576724849405
42 	 0.4636620183098225
43 	 0.4636620183098225
44 	 0.4650578279390698
45 	 0.4698013952283778
46 	 0.47263408030664866
47 	 0.4734588963713469
48 	 0.4739455114412781
49 	 0.4754130912572254
50 	 0.47887983556539043
51 	 0.47887983556539043
52 	 0.47975832575778254
53 	 0.48227608662671884
54 	 0.48231815549495416
55 	 0.483154576819111
56 	 0.4864202028396192
57 	 0.48837439772549784
58 	 0.48837439772549784
59 	 0.48837439772549784
60 	 0.48837439772549784
61 	 0.48837439772549784
62 	 0.48837439772549784
63 	 0.48837439772549784
64 	 0.48837439772549784
65 	 0.48837439772549784
66 	 0.48837439772549784
67 	 0.48837439772549784
68 	 0.48837439772549784
69 	 0.48837439772549784
70 	 0.48837439772549784
71 	 0.4943230058844216
72 	 0.4943230058844216
73 	 0.4943230058844216
74 	 0.4943230058844216
75 	 0.4943230058844216
76 	 0.4943230058844216
77 	 0.4943230058844216
78 	 0.4943230058844216
79 	 0.4943230058844216
80 	 0.4943230058844216
81 	 0.4943230058844216
82 	 0.4943230058844216
83 	 0.4943230058844216
84 	 0.4943230058844216
85 	 0.4943230058844216
86 	 0.4943230058844216
87 	 0.4943230058844216
88 	 0.4943230058844216
89 	 0.4943230058844216
90 	 0.4943230058844216
91 	 0.4943230058844216
92 	 0.4943230058844216
93 	 0.4943230058844216
94 	 0.4943230058844216
95 	 0.4943230058844216
96 	 0.4943230058844216
97 	 0.4943230058844216
98 	 0.4943230058844216
99 	 0.4943230058844216
100 	 0.4943230058844216
101 	 0.4943230058844216
102 	 0.49751995980070207
103 	 0.49751995980070207
104 	 0.4994741546865805
105 	 0.4994741546865805
106 	 0.4994741546865805
107 	 0.4994741546865805
108 	 0.4994741546865805
109 	 0.4994741546865805
110 	 0.4994741546865805
111 	 0.4994741546865805
112 	 0.4994741546865805
113 	 0.4994741546865805
114 	 0.4994741546865805
115 	 0.4994741546865805
116 	 0.4994741546865805
117 	 0.4994741546865805
118 	 0.4994741546865805
119 	 0.4994741546865805
0 	 -0.0021985040453229576
1 	 0.06720053074343935
2 	 0.10470850345311455
3 	 0.15417204247155147
4 	 0.16734687982067287
5 	 0.1765089244518271
6 	 0.20123382128882683
7 	 0.20398720377077417
8 	 0.22257123525168854
9 	 0.23576264015064397
10 	 0.24380022797863665
11 	 0.2565973341614859
12 	 0.26597134179158666
13 	 0.2833444722206899
14 	 0.28352860924283263
15 	 0.30399572205601133
16 	 0.31099270205014257
17 	 0.3203740008777427
18 	 0.3215496262451256
19 	 0.33189466925323186
20 	 0.33189466925323186
21 	 0.33239150463321265
22 	 0.3511361979909293
23 	 0.35547248912130064
24 	 0.36929307866495453
25 	 0.37271499450958356
26 	 0.37549656566356876
27 	 0.3785021440427875
28 	 0.3922434381122222
29 	 0.3922434381122222
30 	 0.39352282129677363
31 	 0.40207996391085615
32 	 0.42323260571694427
33 	 0.42323260571694427
34 	 0.4250687686548822
35 	 0.42898751987949196
36 	 0.4346798973965291
37 	 0.44419154160182883
38 	 0.4539231071429431
39 	 0.4541328402374046
40 	 0.45752909129873304
41 	 0.46078092178601016
42 	 0.47052628286035536
43 	 0.47463235683939103
44 	 0.48102780311316057
45 	 0.484424054174489
46 	 0.48755905515417686
47 	 0.49173905646042726
48 	 0.49422093223601343
49 	 0.4989887462259553
50 	 0.5054546857465614
51 	 0.5054546857465614
52 	 0.5113981251038862
53 	 0.5220717854680683
54 	 0.5220717854680683
55 	 0.5240311610803732
56 	 0.5299092879172879
57 	 0.531150225805081
58 	 0.5361139773562533
59 	 0.5399674160604528
60 	 0.5399674160604528
61 	 0.5433636671217814
62 	 0.5433636671217814
63 	 0.5433636671217814
64 	 0.5433636671217814
65 	 0.5477396059892623
66 	 0.5477396059892623
67 	 0.5477396059892623
68 	 0.552050232336333
69 	 0.552050232336333
70 	 0.5523114824179737
71 	 0.5523114824179737
72 	 0.5546679138791658
73 	 0.5566221087650444
74 	 0.5566221087650444
75 	 0.5566221087650444
76 	 0.5590438527466467
77 	 0.5609980476325254
78 	 0.5609980476325254
79 	 0.5609980476325254
80 	 0.5609980476325254
81 	 0.5609980476325254
82 	 0.5609980476325254
83 	 0.5609980476325254
84 	 0.5609980476325254
85 	 0.5609980476325254
86 	 0.5642636736530334
87 	 0.5642636736530334
88 	 0.5642636736530334
89 	 0.5642636736530334
90 	 0.5642636736530334
91 	 0.5642636736530334
92 	 0.5642636736530334
93 	 0.5642636736530334
94 	 0.5642636736530334
95 	 0.5642636736530334
96 	 0.5642636736530334
97 	 0.5659716671583065
98 	 0.5659716671583065
99 	 0.5659716671583065
100 	 0.5679258620441849
101 	 0.5679258620441849
102 	 0.5679258620441849
103 	 0.5681901544951127
104 	 0.5681901544951127
105 	 0.5681901544951127
106 	 0.5681901544951127
107 	 0.5681901544951127
108 	 0.5681901544951127
109 	 0.5681901544951127
110 	 0.5681901544951127
111 	 0.5681901544951127
112 	 0.5681901544951127
113 	 0.5681901544951127
114 	 0.5681901544951127
115 	 0.5681901544951127
116 	 0.5681901544951127
117 	 0.5681901544951127
118 	 0.5681901544951127
119 	 0.5681901544951127
0 	 -0.0036111219406191886
1 	 0.0723542937859778
2 	 0.09021899700421576
3 	 0.09704063240668209
4 	 0.13270800397142496
5 	 0.13270800397142496
6 	 0.15868362015397947
7 	 0.19501291953739774
8 	 0.1999766710885701
9 	 0.21232591817251728
10 	 0.23766299167651928
11 	 0.2547715813310188
12 	 0.2676544592949442
13 	 0.2746455438602914
14 	 0.2936061832142745
15 	 0.2998761851736501
16 	 0.30846847929494936
17 	 0.3181725657352328
18 	 0.3269965467754877
19 	 0.3347003818145998
20 	 0.3473863251837496
21 	 0.3561988620771455
22 	 0.3724494076189849
23 	 0.37846469008425604
24 	 0.38156004332683413
25 	 0.4060543739993731
26 	 0.4074259369279865
27 	 0.4127162510812097
28 	 0.4184380880940036
29 	 0.42388348963099626
30 	 0.4249693401350199
31 	 0.42902269468652493
32 	 0.43763876665424023
33 	 0.44142689283802966
34 	 0.4431301990951201
35 	 0.45026974787670193
36 	 0.45207283366488615
37 	 0.45716721025687884
38 	 0.4630453370937935
39 	 0.46676815075717276
40 	 0.4718023955551815
41 	 0.4836239617494209
42 	 0.48813052565772214
43 	 0.4945964651783282
44 	 0.49739297535618116
45 	 0.5009594991954398
46 	 0.5156548162877264
47 	 0.5156548162877264
48 	 0.5193123174306955
49 	 0.5212716930430004
50 	 0.5276873254368561
51 	 0.5310032585841146
52 	 0.5347883423986171
53 	 0.5347883423986171
54 	 0.542821782409067
55 	 0.5453870184680102
56 	 0.5465626438353931
57 	 0.5479290260375802
58 	 0.5526336658642512
59 	 0.5553145215703549
60 	 0.5575321048950135
61 	 0.5596852797114094
62 	 0.5629509057319175
63 	 0.5653696073442329
64 	 0.5667411702728464
65 	 0.5686352333647411
66 	 0.5701322406077485
67 	 0.5722875537812837
68 	 0.5756838048426123
69 	 0.5761409924854834
70 	 0.5785627364670858
71 	 0.5800597437100932
72 	 0.5822855501304651
73 	 0.5842397450163435
74 	 0.5842397450163435
75 	 0.5842397450163435
76 	 0.588027871200133
77 	 0.588419746322594
78 	 0.588419746322594
79 	 0.5922078725063834
80 	 0.5922078725063834
81 	 0.5954734985268915
82 	 0.5954734985268915
83 	 0.5954734985268915
84 	 0.5954734985268915
85 	 0.5954734985268915
86 	 0.5954734985268915
87 	 0.5954734985268915
88 	 0.5954734985268915
89 	 0.5960716607386083
90 	 0.6014221066858154
91 	 0.6014221066858154
92 	 0.6014221066858154
93 	 0.6014221066858154
94 	 0.6016863991367428
95 	 0.6016863991367428
96 	 0.6016863991367428
97 	 0.6016863991367428
98 	 0.6016863991367428
99 	 0.6016863991367428
100 	 0.6016863991367428
101 	 0.6016863991367428
102 	 0.6016863991367428
103 	 0.6016863991367428
104 	 0.6016863991367428
105 	 0.6016863991367428
106 	 0.6016863991367428
107 	 0.6016863991367428
108 	 0.6016863991367428
109 	 0.6016863991367428
110 	 0.6016863991367428
111 	 0.6016863991367428
112 	 0.6016863991367428
113 	 0.6016863991367428
114 	 0.6016863991367428
115 	 0.6016863991367428
116 	 0.6016863991367428
117 	 0.6016863991367428
118 	 0.6016863991367428
119 	 0.6016863991367428
0 	 0.0525541994059483
1 	 0.11144271095334624
2 	 0.12117427649446044
3 	 0.12679115324973445
4 	 0.13815553180110274
5 	 0.15166782906456588
6 	 0.1546726328266993
7 	 0.18364826379646781
8 	 0.18658296457134904
9 	 0.21498380823347263
10 	 0.21498380823347263
11 	 0.2343179250518725
12 	 0.24229123326833873
13 	 0.2488098828137798
14 	 0.25715197030832443
15 	 0.26474990917289415
16 	 0.2776766074876799
17 	 0.2819310514379191
18 	 0.28673082482508505
19 	 0.2891698211959917
20 	 0.3235843130659673
21 	 0.3319443156784681
22 	 0.33390369129077296
23 	 0.3482071332605986
24 	 0.3482071332605986
25 	 0.3518560195967631
26 	 0.3542158851383336
27 	 0.3593669594439318
28 	 0.36511446124002617
29 	 0.3732132137708863
30 	 0.37355869812946424
31 	 0.38242227914871924
32 	 0.39058634419998955
33 	 0.39058634419998955
34 	 0.39692387718408567
35 	 0.4023534311849338
36 	 0.409746040772511
37 	 0.409746040772511
38 	 0.41020544691969235
39 	 0.4127346878497714
40 	 0.4206512438495018
41 	 0.42154447887440666
42 	 0.4463924793021358
43 	 0.4463924793021358
44 	 0.45044185556756594
45 	 0.45200935605740983
46 	 0.45834467053719563
47 	 0.46389623477205943
48 	 0.46931717396610295
49 	 0.4695784240477436
50 	 0.47859155186434604
51 	 0.47859155186434604
52 	 0.4788528019459867
53 	 0.4834541058017582
54 	 0.48627672915925957
55 	 0.4965088605146957
56 	 0.5000357366168444
57 	 0.5019899315027232
58 	 0.50332605328775
59 	 0.509048864433447
60 	 0.5098710463588673
61 	 0.518609183063728
62 	 0.5209980132992199
63 	 0.5234124381972565
64 	 0.5282455647076085
65 	 0.5302754335667498
66 	 0.5326513749519131
67 	 0.5355388668800611
68 	 0.5355388668800611
69 	 0.5356041794004713
70 	 0.539522930625081
71 	 0.5395882431454913
72 	 0.5395882431454913
73 	 0.5414771255109596
74 	 0.5438988694925619
75 	 0.5478176207171717
76 	 0.548340120880453
77 	 0.5491186903989486
78 	 0.5542130669909413
79 	 0.5542130669909413
80 	 0.5542130669909413
81 	 0.5578705681339104
82 	 0.5578705681339104
83 	 0.5620508141774243
84 	 0.5657083153203935
85 	 0.5657083153203935
86 	 0.5657083153203935
87 	 0.5657083153203935
88 	 0.5665868055127858
89 	 0.5665868055127858
90 	 0.5665868055127858
91 	 0.5665868055127858
92 	 0.5665868055127858
93 	 0.5665868055127858
94 	 0.5665868055127858
95 	 0.5665868055127858
96 	 0.5665868055127858
97 	 0.5665868055127858
98 	 0.5665868055127858
99 	 0.5665868055127858
100 	 0.5665868055127858
101 	 0.5665868055127858
102 	 0.5665868055127858
103 	 0.5695073345243752
104 	 0.5695073345243752
105 	 0.5695073345243752
106 	 0.5695073345243752
107 	 0.5695073345243752
108 	 0.5695073345243752
109 	 0.5695073345243752
110 	 0.5695073345243752
111 	 0.5695073345243752
112 	 0.5695073345243752
113 	 0.5708187656590049
114 	 0.5708187656590049
115 	 0.5727729605448834
116 	 0.5727729605448834
117 	 0.5727729605448834
118 	 0.5727729605448834
119 	 0.5727729605448834
