0 	 0.037490287030276515
1 	 0.057073083557587556
2 	 0.086567328736322
3 	 0.13713750415576959
4 	 0.14243150418002037
5 	 0.1894694503301262
6 	 0.21696991749801808
7 	 0.2239583571819055
8 	 0.24076756391057158
9 	 0.2635171021061335
10 	 0.2832800703867622
11 	 0.2868722590093211
12 	 0.2928810108870561
13 	 0.3006570968910787
14 	 0.3006570968910787
15 	 0.3066658487688137
16 	 0.32234085366725274
17 	 0.32234085366725274
18 	 0.3293869101402872
19 	 0.3345496416219771
20 	 0.3361824546322311
21 	 0.3453353376132324
22 	 0.35259357466791796
23 	 0.35498447313979353
24 	 0.35994822469096593
25 	 0.3704635404770021
26 	 0.37219646091454517
27 	 0.3796558292714045
28 	 0.38669584044560124
29 	 0.3888254888358362
30 	 0.40001959460927444
31 	 0.4100914637825403
32 	 0.4166227158235566
33 	 0.42158646737472893
34 	 0.42158646737472893
35 	 0.4229730356970022
36 	 0.42623132253884877
37 	 0.43139101165125165
38 	 0.4338728874268378
39 	 0.4368119508452951
40 	 0.44282538997121257
41 	 0.4470474821428227
42 	 0.4470474821428227
43 	 0.4507049832857918
44 	 0.4548377130002562
45 	 0.46363066673894915
46 	 0.46363066673894915
47 	 0.46690470685182256
48 	 0.47544596761914876
49 	 0.4818465946193447
50 	 0.48496793907648783
51 	 0.4885760027259018
52 	 0.4915830380447821
53 	 0.49450356705637155
54 	 0.5003816938932861
55 	 0.5012444131811631
56 	 0.5064476218943958
57 	 0.5095907592711191
58 	 0.516383261393776
59 	 0.5212713455231923
60 	 0.5247165932023734
61 	 0.5315090953250303
62 	 0.5315090953250303
63 	 0.5367340969578434
64 	 0.5367340969578434
65 	 0.5407181607028633
66 	 0.5413712859069649
67 	 0.5413712859069649
68 	 0.5450940995703442
69 	 0.5469829819358127
70 	 0.5502486079563209
71 	 0.5509670456808327
72 	 0.5542326717013408
73 	 0.5542326717013408
74 	 0.5613014292992982
75 	 0.5613014292992982
76 	 0.5624620492730212
77 	 0.568405488630346
78 	 0.568405488630346
79 	 0.570510494677131
80 	 0.5727964328914867
81 	 0.5739570528652099
82 	 0.5747558085037916
83 	 0.5770417467181472
84 	 0.5803073727386554
85 	 0.5803073727386554
86 	 0.5803073727386554
87 	 0.5844873740449058
88 	 0.5847486241265465
89 	 0.5869744305469182
90 	 0.5889286254327969
91 	 0.5889286254327969
92 	 0.5889286254327969
93 	 0.5889286254327969
94 	 0.5889286254327969
95 	 0.5889286254327969
96 	 0.5889286254327969
97 	 0.5889286254327969
98 	 0.5889286254327969
99 	 0.5889286254327969
100 	 0.5889286254327969
101 	 0.5889286254327969
102 	 0.5889286254327969
103 	 0.5889286254327969
104 	 0.5889286254327969
105 	 0.5889286254327969
106 	 0.5889286254327969
107 	 0.5889286254327969
108 	 0.5889286254327969
109 	 0.5889286254327969
110 	 0.5889286254327969
111 	 0.5889286254327969
112 	 0.5889286254327969
113 	 0.5889286254327969
114 	 0.5889286254327969
115 	 0.5889286254327969
116 	 0.5889286254327969
117 	 0.5889286254327969
118 	 0.5889286254327969
119 	 0.5889286254327969
0 	 0.016794053234399753
1 	 0.023663462001837665
2 	 0.058116165824508625
3 	 0.10051841167692499
4 	 0.10051841167692499
5 	 0.12424394979952202
6 	 0.14379524909462915
7 	 0.16982722875466894
8 	 0.17835340115546267
9 	 0.2011995173788672
10 	 0.2138824411973222
11 	 0.21800641814082544
12 	 0.23212508946314087
13 	 0.2463481857761115
14 	 0.261529532237601
15 	 0.2714570353399457
16 	 0.28063510540881587
17 	 0.2922392461697527
18 	 0.2952743981383553
19 	 0.2968524513442904
20 	 0.30197760396601814
21 	 0.3049166673844754
22 	 0.31040291909892903
23 	 0.31591457718047944
24 	 0.3232041730993209
25 	 0.3243820410318704
26 	 0.33062751734166707
27 	 0.340228457841961
28 	 0.34199189589303536
29 	 0.34652298545091553
30 	 0.34652298545091553
31 	 0.3568178380261423
32 	 0.36167549018607326
33 	 0.36729236694134726
34 	 0.36729236694134726
35 	 0.37286597634736723
36 	 0.3771545575232818
37 	 0.38211830907445415
38 	 0.3883450436845758
39 	 0.39148004466426356
40 	 0.39330879523574813
41 	 0.39801129670527985
42 	 0.4056308164221127
43 	 0.41163956829984766
44 	 0.41163956829984766
45 	 0.41346831887133223
46 	 0.41862800798373506
47 	 0.4220242590450635
48 	 0.42933926133100175
49 	 0.4349561380862757
50 	 0.4379605140251432
51 	 0.4379605140251432
52 	 0.441487390127292
53 	 0.4442305159845188
54 	 0.45063114298471474
55 	 0.45063114298471474
56 	 0.4601667709645985
57 	 0.46023208348500866
58 	 0.4621261465769034
59 	 0.4677430233321774
60 	 0.48067490237338956
61 	 0.48067490237338956
62 	 0.48067490237338956
63 	 0.4846589661184095
64 	 0.48511615376128064
65 	 0.4884470923021989
66 	 0.490079905312453
67 	 0.4905370929553241
68 	 0.4939986565370627
69 	 0.4949783443432152
70 	 0.49759084515962165
71 	 0.5015749089046416
72 	 0.5017055339454619
73 	 0.5048405349251497
74 	 0.5103920991600135
75 	 0.5103920991600135
76 	 0.5103920991600135
77 	 0.5103920991600135
78 	 0.5103920991600135
79 	 0.5103920991600135
80 	 0.5147680380274944
81 	 0.5147680380274944
82 	 0.5194705394970262
83 	 0.5215060739730034
84 	 0.521770366423931
85 	 0.521770366423931
86 	 0.521770366423931
87 	 0.5252942001567928
88 	 0.5255584926077205
89 	 0.5260809927710017
90 	 0.5289547436690489
91 	 0.5298691189547913
92 	 0.5298691189547913
93 	 0.5332653700161196
94 	 0.5332653700161196
95 	 0.5352195649019982
96 	 0.536988183679499
97 	 0.536988183679499
98 	 0.5389423785653774
99 	 0.5389423785653774
100 	 0.5389423785653774
101 	 0.5389423785653774
102 	 0.5389423785653774
103 	 0.5389423785653774
104 	 0.5389423785653774
105 	 0.5389423785653774
106 	 0.5389423785653774
107 	 0.5389423785653774
108 	 0.5389423785653774
109 	 0.5389423785653774
110 	 0.5389423785653774
111 	 0.5389423785653774
112 	 0.5389423785653774
113 	 0.5389423785653774
114 	 0.5389423785653774
115 	 0.5389423785653774
116 	 0.5389423785653774
117 	 0.5389423785653774
118 	 0.5389423785653774
119 	 0.5389423785653774
0 	 -0.0019529962703521697
1 	 0.02307830204388861
2 	 0.037559389801213094
3 	 0.06628207373169881
4 	 0.10022629257125193
5 	 0.12331715702351187
6 	 0.12331715702351187
7 	 0.13553988649787518
8 	 0.16332094983424494
9 	 0.16737961425733794
10 	 0.17667092252498412
11 	 0.19890863716589974
12 	 0.2170222750885713
13 	 0.22642917095228648
14 	 0.23917279373312822
15 	 0.24485498300881237
16 	 0.2557786712488485
17 	 0.2665643672401037
18 	 0.2705381514169099
19 	 0.27205061895455734
20 	 0.28256593474059355
21 	 0.28256593474059355
22 	 0.2874100892087098
23 	 0.300733843372383
24 	 0.3150372853422086
25 	 0.32078478713830294
26 	 0.32215659480418013
27 	 0.3295366648732647
28 	 0.33969425172724854
29 	 0.3414628705047494
30 	 0.3507372484029925
31 	 0.35779100060729
32 	 0.363799752485025
33 	 0.3702656920056311
34 	 0.3755562508961178
35 	 0.38226115741395217
36 	 0.38826990929168714
37 	 0.38826990929168714
38 	 0.3935602234449103
39 	 0.4006004264661865
40 	 0.40368366410848555
41 	 0.40590428980243104
42 	 0.41014960362909164
43 	 0.4196199190885652
44 	 0.42086085697635833
45 	 0.42229272355260417
46 	 0.4294167971500896
47 	 0.4314414852828046
48 	 0.4378421122830006
49 	 0.4453530521301693
50 	 0.4453530521301693
51 	 0.4453530521301693
52 	 0.44971105960616387
53 	 0.4516883666099551
54 	 0.4577624310081002
55 	 0.45892012498399676
56 	 0.4622510635249151
57 	 0.4629695012494269
58 	 0.4685210654842907
59 	 0.4685210654842907
60 	 0.4728316918313614
61 	 0.47289700435177157
62 	 0.4767504430559712
63 	 0.4808565170350066
64 	 0.48523245590248754
65 	 0.48549370598412817
66 	 0.49104527021899197
67 	 0.49104527021899197
68 	 0.49457214632114077
69 	 0.49457214632114077
70 	 0.4967274594946761
71 	 0.5009074608009265
72 	 0.5048262120255362
73 	 0.5048262120255362
74 	 0.5056099622704582
75 	 0.5056099622704582
76 	 0.509528713495068
77 	 0.5129249645563965
78 	 0.5129249645563965
79 	 0.5130555895972169
80 	 0.5146884026074708
81 	 0.5164518406585452
82 	 0.521611529770948
83 	 0.521611529770948
84 	 0.521611529770948
85 	 0.521611529770948
86 	 0.5248771557914562
87 	 0.5248771557914562
88 	 0.5285294762079992
89 	 0.5298409073426286
90 	 0.5317951022285072
91 	 0.5317951022285072
92 	 0.5317951022285072
93 	 0.5317951022285072
94 	 0.5317951022285072
95 	 0.5317951022285072
96 	 0.5317951022285072
97 	 0.5317951022285072
98 	 0.5317951022285072
99 	 0.5317951022285072
100 	 0.5317951022285072
101 	 0.5349920561447877
102 	 0.5349920561447877
103 	 0.5349920561447877
104 	 0.5369462510306664
105 	 0.5369462510306664
106 	 0.5369462510306664
107 	 0.5369462510306664
108 	 0.5369462510306664
109 	 0.5369462510306664
110 	 0.5369462510306664
111 	 0.5369462510306664
112 	 0.5369462510306664
113 	 0.5369462510306664
114 	 0.5369462510306664
115 	 0.5369462510306664
116 	 0.5369462510306664
117 	 0.5369462510306664
118 	 0.5369462510306664
119 	 0.5369462510306664
0 	 -0.0354669827135608
1 	 0.04418468702427336
2 	 0.0734670746115556
3 	 0.09268054973651418
4 	 0.11733879249460694
5 	 0.1308469686092677
6 	 0.1551026402314869
7 	 0.16545940472715637
8 	 0.18944943020691335
9 	 0.20207785080665552
10 	 0.20612722707208558
11 	 0.22373183980989186
12 	 0.22908746648352518
13 	 0.22908746648352518
14 	 0.24064778259612402
15 	 0.24469715886155408
16 	 0.2470484095963199
17 	 0.2531355264523659
18 	 0.2531355264523659
19 	 0.2629977170343005
20 	 0.26547959280988664
21 	 0.2719231764935874
22 	 0.27628719160786863
23 	 0.2844769214424393
24 	 0.2977353630857023
25 	 0.29858442585103445
26 	 0.30714036602476574
27 	 0.31066724212691454
28 	 0.31465130587193446
29 	 0.32229287075992347
30 	 0.32229287075992347
31 	 0.3307834984132446
32 	 0.333064255901174
33 	 0.3379455423656722
34 	 0.3419519394033824
35 	 0.3471289429602046
36 	 0.3487874207537592
37 	 0.3581924236928226
38 	 0.359847569995767
39 	 0.3654421134583507
40 	 0.36964444805729135
41 	 0.3746255140528831
42 	 0.3774819505065109
43 	 0.3832294523026052
44 	 0.3876707036904963
45 	 0.38825851637418773
46 	 0.39766351931325117
47 	 0.39766351931325117
48 	 0.3986432071194036
49 	 0.40308445850729463
50 	 0.405631646803291
51 	 0.410464773313643
52 	 0.41268539900758855
53 	 0.41529789982399506
54 	 0.4207188390180385
55 	 0.4235925899160857
56 	 0.42934009171218
57 	 0.43521821854909465
58 	 0.43521821854909465
59 	 0.44011147685343055
60 	 0.44063915774313817
61 	 0.44592429116993504
62 	 0.44662468796582266
63 	 0.4520456271598662
64 	 0.45376697434558083
65 	 0.45572116923145944
66 	 0.45897300226952087
67 	 0.4591174202927879
68 	 0.46264429639493665
69 	 0.4669549227420074
70 	 0.4669549227420074
71 	 0.47080836144620697
72 	 0.47100429900743745
73 	 0.4748577377116371
74 	 0.47577211299737937
75 	 0.4806757327545678
76 	 0.4806757327545678
77 	 0.4830218027629074
78 	 0.48746329888806206
79 	 0.4915126751534921
80 	 0.4949089262148206
81 	 0.4949089262148206
82 	 0.49928486508230147
83 	 0.4997460310112478
84 	 0.4997460310112478
85 	 0.4997460310112478
86 	 0.5017002258971263
87 	 0.5017002258971263
88 	 0.5017002258971263
89 	 0.5019645183480539
90 	 0.5019645183480539
91 	 0.5019645183480539
92 	 0.5019645183480539
93 	 0.5019645183480539
94 	 0.5019645183480539
95 	 0.5019645183480539
96 	 0.5019645183480539
97 	 0.5019645183480539
98 	 0.5025953102594651
99 	 0.5025953102594651
100 	 0.5025953102594651
101 	 0.5066446865248951
102 	 0.5066446865248951
103 	 0.5066446865248951
104 	 0.5066446865248951
105 	 0.5066446865248951
106 	 0.5066446865248951
107 	 0.5066446865248951
108 	 0.5066446865248951
109 	 0.5066446865248951
110 	 0.5090664305064976
111 	 0.5090664305064976
112 	 0.511020625392376
113 	 0.511020625392376
114 	 0.511020625392376
115 	 0.511020625392376
116 	 0.511020625392376
117 	 0.511020625392376
118 	 0.511020625392376
119 	 0.511020625392376
0 	 0.02413525266350347
1 	 0.035564943735281906
2 	 0.05963156183955742
3 	 0.09513222949188915
4 	 0.11619970165092375
5 	 0.16061348106453133
6 	 0.19343586282338554
7 	 0.1939583629866668
8 	 0.213519153633264
9 	 0.22648016595428566
10 	 0.23492583514872967
11 	 0.24426017689950963
12 	 0.24863611576699052
13 	 0.2606423245925008
14 	 0.27029528549665327
15 	 0.27643466241520853
16 	 0.28616622795632285
17 	 0.28616622795632285
18 	 0.2935470895865039
19 	 0.2959432269019948
20 	 0.3036779025502202
21 	 0.31841876354165977
22 	 0.32736657883785203
23 	 0.331621022788091
24 	 0.33342076412014465
25 	 0.3398958337643293
26 	 0.349823336866674
27 	 0.35890177720368655
28 	 0.371507093642848
29 	 0.37366240681638335
30 	 0.37784240812263375
31 	 0.38620241073513456
32 	 0.3905130370822053
33 	 0.3947067794185564
34 	 0.39614365486758
35 	 0.40176883576390954
36 	 0.41066507956979237
37 	 0.41066507956979237
38 	 0.41314695534537854
39 	 0.41667383144752734
40 	 0.41993945746803546
41 	 0.4203175915603957
42 	 0.4305802175684657
43 	 0.43632771936456
44 	 0.43968823289319514
45 	 0.44207522116065434
46 	 0.44710428523223683
47 	 0.4486064732016706
48 	 0.4521333493038194
49 	 0.4542233499569446
50 	 0.45716241337540187
51 	 0.46317116525313684
52 	 0.46767772916143807
53 	 0.4704208550186649
54 	 0.47681804793848254
55 	 0.4784542950291149
56 	 0.48322210901905677
57 	 0.4857658632346748
58 	 0.4892927393368236
59 	 0.4907244340594208
60 	 0.4922971152756911
61 	 0.4955627412961992
62 	 0.4955627412961992
63 	 0.4975221169085041
64 	 0.4981700613861793
65 	 0.5017674307351647
66 	 0.503656313100633
67 	 0.505947432041415
68 	 0.5079016269272936
69 	 0.5137797537642081
70 	 0.5137797537642081
71 	 0.5238378819073732
72 	 0.5238378819073732
73 	 0.5238378819073732
74 	 0.5238378819073732
75 	 0.5278219456523932
76 	 0.5278219456523932
77 	 0.5278219456523932
78 	 0.5320019469586436
79 	 0.5331036475495959
80 	 0.5356594481016126
81 	 0.5395128868058123
82 	 0.5395128868058123
83 	 0.5401436787172234
84 	 0.5401436787172234
85 	 0.5401436787172234
86 	 0.5401436787172234
87 	 0.5445196175847042
88 	 0.5445196175847042
89 	 0.5445196175847042
90 	 0.5445196175847042
91 	 0.5477199310848022
92 	 0.5477199310848022
93 	 0.5520958699522831
94 	 0.5520958699522831
95 	 0.5520958699522831
96 	 0.5520958699522831
97 	 0.5555574335340218
98 	 0.5555574335340218
99 	 0.5555574335340218
100 	 0.5555574335340218
101 	 0.5555574335340218
102 	 0.5555574335340218
103 	 0.5555574335340218
104 	 0.5555574335340218
105 	 0.5555574335340218
106 	 0.5555574335340218
107 	 0.5555574335340218
108 	 0.5555574335340218
109 	 0.5564359237264142
110 	 0.5564359237264142
111 	 0.5564359237264142
112 	 0.5564359237264142
113 	 0.5564359237264142
114 	 0.5564359237264142
115 	 0.5564359237264142
116 	 0.5564359237264142
117 	 0.5577473548610437
118 	 0.5577473548610437
119 	 0.5597015497469222
0 	 0.03748378973830724
1 	 0.05885257803680122
2 	 0.08913629209256663
3 	 0.10724109896146683
4 	 0.12234541583117009
5 	 0.12848225427537474
6 	 0.14724743325250272
7 	 0.16375808217933346
8 	 0.18237780710520807
9 	 0.20811684879624576
10 	 0.22552341146061222
11 	 0.22552341146061222
12 	 0.24113614620792795
13 	 0.25695235351148216
14 	 0.264923523370809
15 	 0.268590312671441
16 	 0.28744664193356734
17 	 0.28744664193356734
18 	 0.3028928641663718
19 	 0.3130794118527874
20 	 0.32501367169636064
21 	 0.3311530486149159
22 	 0.34181951367077335
23 	 0.3469792027831762
24 	 0.35086206891443583
25 	 0.35763888464013344
26 	 0.3632557613954074
27 	 0.3632557613954074
28 	 0.36841545050781027
29 	 0.377559203365233
30 	 0.377559203365233
31 	 0.3844823305287103
32 	 0.3886623318349607
33 	 0.39434452111064483
34 	 0.3970223344474615
35 	 0.40067482671765287
36 	 0.40825608795800944
37 	 0.40825608795800944
38 	 0.41067265121318547
39 	 0.4211226544788115
40 	 0.4211226544788115
41 	 0.4244535930197298
42 	 0.4298042108205854
43 	 0.43294422067305094
44 	 0.4336920858246229
45 	 0.4400632853977587
46 	 0.44078196785953416
47 	 0.44679071973726914
48 	 0.44679071973726914
49 	 0.45358322185992606
50 	 0.45358322185992606
51 	 0.45998384886012195
52 	 0.4616819743907862
53 	 0.4650129129317045
54 	 0.4693888517991854
55 	 0.47095635228902927
56 	 0.47095635228902927
57 	 0.4753322911565102
58 	 0.48029604270768256
59 	 0.48029604270768256
60 	 0.48068791783014353
61 	 0.4856516693813159
62 	 0.48653015957370815
63 	 0.49002760824879676
64 	 0.49090609844118904
65 	 0.49090609844118904
66 	 0.49394635947340654
67 	 0.49417172446169716
68 	 0.49462891210456833
69 	 0.4976691731367858
70 	 0.49873498608360384
71 	 0.5003098989399013
72 	 0.5018132893496863
73 	 0.5026537373082136
74 	 0.5026537373082136
75 	 0.5059193633287218
76 	 0.5059193633287218
77 	 0.5059193633287218
78 	 0.5059193633287218
79 	 0.5059193633287218
80 	 0.5059193633287218
81 	 0.5102953021962027
82 	 0.5102953021962027
83 	 0.5136915532575311
84 	 0.5138221782983514
85 	 0.5138221782983514
86 	 0.5138221782983514
87 	 0.5172184293596799
88 	 0.5172184293596799
89 	 0.5196337901745045
90 	 0.5196337901745045
91 	 0.5196337901745045
92 	 0.5197222307872587
93 	 0.5197222307872587
94 	 0.5197222307872587
95 	 0.5197222307872587
96 	 0.5197222307872587
97 	 0.5197222307872587
98 	 0.523510356971048
99 	 0.523510356971048
100 	 0.523510356971048
101 	 0.523510356971048
102 	 0.5248733795894177
103 	 0.5248733795894177
104 	 0.5248733795894177
105 	 0.5248733795894177
106 	 0.5286615057732071
107 	 0.5286615057732071
108 	 0.5286615057732071
109 	 0.5286615057732071
110 	 0.5286615057732071
111 	 0.5286615057732071
112 	 0.5286615057732071
113 	 0.5286615057732071
114 	 0.5286615057732071
115 	 0.5286615057732071
116 	 0.5286615057732071
117 	 0.5286615057732071
118 	 0.5286615057732071
119 	 0.5286615057732071
0 	 -0.012327533657241152
1 	 0.05099362730211798
2 	 0.09202898687902872
3 	 0.11267390578459047
4 	 0.11737640725412218
5 	 0.1406632092676126
6 	 0.14412995357577763
7 	 0.16861051093533452
8 	 0.19196429308817753
9 	 0.2152039125599413
10 	 0.22317722077640745
11 	 0.22317722077640745
12 	 0.24487842077228927
13 	 0.24487842077228927
14 	 0.24751132707855938
15 	 0.25234445358891144
16 	 0.259639050384986
17 	 0.2668171623160641
18 	 0.26841399298982416
19 	 0.27840680861257905
20 	 0.2789715564263942
21 	 0.2882010272940907
22 	 0.30718029992954465
23 	 0.30718029992954465
24 	 0.3105138978504758
25 	 0.31123233557498753
26 	 0.3230512423892142
27 	 0.3230512423892142
28 	 0.3307607791776262
29 	 0.3382064065043847
30 	 0.3418639076473538
31 	 0.34780734700467864
32 	 0.35485122888139314
33 	 0.35485122888139314
34 	 0.35996765064454206
35 	 0.3681801637714926
36 	 0.3718376649144617
37 	 0.3718376649144617
38 	 0.37804235435342715
39 	 0.3848949882700679
40 	 0.38992923306807675
41 	 0.3997914236500113
42 	 0.3997914236500113
43 	 0.40566955048692593
44 	 0.4139350760780063
45 	 0.41994382795574126
46 	 0.42588726731306603
47 	 0.4307255745498444
48 	 0.4307255745498444
49 	 0.4353627634989659
50 	 0.43549338853978625
51 	 0.4407837026930094
52 	 0.44091432773382977
53 	 0.44091432773382977
54 	 0.4431990635078341
55 	 0.4441799537543379
56 	 0.44862000270187763
57 	 0.44862000270187763
58 	 0.45253875392648735
59 	 0.45358375425305
60 	 0.45795969312053086
61 	 0.45900469344709344
62 	 0.46148656922267967
63 	 0.4633806323145744
64 	 0.4671687584983638
65 	 0.4725896976924073
66 	 0.47317751037609873
67 	 0.4783371994885016
68 	 0.4826478258355723
69 	 0.48624001445813125
70 	 0.4876115773867447
71 	 0.4876115773867447
72 	 0.49224876633586623
73 	 0.49224876633586623
74 	 0.49296720406037803
75 	 0.49642876764211663
76 	 0.49642876764211663
77 	 0.49642876764211663
78 	 0.49995564374426543
79 	 0.49995564374426543
80 	 0.5007393939891873
81 	 0.5042662700913362
82 	 0.5042662700913362
83 	 0.5042662700913362
84 	 0.5079890837547154
85 	 0.5094860909977229
86 	 0.5112547097752236
87 	 0.5113853348160439
88 	 0.5113853348160439
89 	 0.514650960836552
90 	 0.514650960836552
91 	 0.514650960836552
92 	 0.5190268997040329
93 	 0.5190268997040329
94 	 0.5190268997040329
95 	 0.5210283661816977
96 	 0.5210283661816977
97 	 0.5227497133674122
98 	 0.5227497133674122
99 	 0.5254043050491786
100 	 0.5273584999350571
101 	 0.5273584999350571
102 	 0.5286699310696867
103 	 0.5286699310696867
104 	 0.5306241259555653
105 	 0.5306241259555653
106 	 0.5306241259555653
107 	 0.5306241259555653
108 	 0.5306241259555653
109 	 0.5306241259555653
110 	 0.5306241259555653
111 	 0.5306241259555653
112 	 0.5306241259555653
113 	 0.5306241259555653
114 	 0.5306241259555653
115 	 0.5306241259555653
116 	 0.5306241259555653
117 	 0.5306241259555653
118 	 0.5306241259555653
119 	 0.5306241259555653
0 	 0.044732324970857995
1 	 0.10231054858177924
2 	 0.12665821348683093
3 	 0.1403208251114384
4 	 0.1624838899369624
5 	 0.1644681658894671
6 	 0.2026881584194028
7 	 0.22444952257487039
8 	 0.24205413531267683
9 	 0.24963317245488448
10 	 0.2608669259654325
11 	 0.2707584475840398
12 	 0.2731262635939644
13 	 0.28957123823679554
14 	 0.3077767619806737
15 	 0.3279773658543198
16 	 0.32899670139758197
17 	 0.3324839297626211
18 	 0.34326049563029787
19 	 0.3499967550707527
20 	 0.35359114509345746
21 	 0.35359114509345746
22 	 0.3565280071117689
23 	 0.3627348979508802
24 	 0.3646942735631852
25 	 0.37063771292050995
26 	 0.37070771373697725
27 	 0.37390333894101807
28 	 0.38408989072485755
29 	 0.3855942800944372
30 	 0.38776348198052174
31 	 0.39298848361333477
32 	 0.3965266318645087
33 	 0.4002319508813119
34 	 0.41135257399761566
35 	 0.4174919509161709
36 	 0.42036570181421806
37 	 0.42036570181421806
38 	 0.4231088276714449
39 	 0.4282032042634376
40 	 0.43153414280435587
41 	 0.4374739762276538
42 	 0.44054366468693146
43 	 0.44309085298292783
44 	 0.4492955424218933
45 	 0.4543899190138859
46 	 0.45491241917716724
47 	 0.4600067957691599
48 	 0.4654930474836136
49 	 0.46634211024894573
50 	 0.4720242995246299
51 	 0.4765308634329311
52 	 0.47829309904365425
53 	 0.47829309904365425
54 	 0.48227716278867416
55 	 0.485739928810764
56 	 0.48854716474804977
57 	 0.4946865416666051
58 	 0.4965152922380896
59 	 0.5055937325751022
60 	 0.5055937325751022
61 	 0.5093165462384814
62 	 0.5105574841262746
63 	 0.510688109167095
64 	 0.5149987355141656
65 	 0.516370298442779
66 	 0.5206809247898498
67 	 0.5208409772577302
68 	 0.5208409772577302
69 	 0.5257753013818425
70 	 0.5257753013818425
71 	 0.5295634275656319
72 	 0.5295634275656319
73 	 0.5315176224515104
74 	 0.5315176224515104
75 	 0.5323961126439027
76 	 0.5344282000073544
77 	 0.5344282000073544
78 	 0.5378244510686827
79 	 0.5399092709953817
80 	 0.5399092709953817
81 	 0.5433055220567101
82 	 0.5450741408342108
83 	 0.5484518574886714
84 	 0.5484518574886714
85 	 0.5504060523745502
86 	 0.5519787335908202
87 	 0.553932928476699
88 	 0.5549964632101292
89 	 0.5561587348970707
90 	 0.5596856109992194
91 	 0.5596856109992194
92 	 0.5616398058850981
93 	 0.5616398058850981
94 	 0.5616398058850981
95 	 0.5616398058850981
96 	 0.5616398058850981
97 	 0.5616398058850981
98 	 0.5616398058850981
99 	 0.5616398058850981
100 	 0.5652973070280671
101 	 0.5652973070280671
102 	 0.5652973070280671
103 	 0.5652973070280671
104 	 0.5652973070280671
105 	 0.5652973070280671
106 	 0.5652973070280671
107 	 0.5652973070280671
108 	 0.5652973070280671
109 	 0.5652973070280671
110 	 0.5652973070280671
111 	 0.5652973070280671
112 	 0.5652973070280671
113 	 0.5652973070280671
114 	 0.5652973070280671
115 	 0.5652973070280671
116 	 0.5652973070280671
117 	 0.5682341690463786
118 	 0.5682341690463786
119 	 0.5682341690463786
0 	 0.051764610246327836
1 	 0.06444753406478299
2 	 0.0740531152987961
3 	 0.09047746193550021
4 	 0.09934083804373606
5 	 0.12946594415786494
6 	 0.15571240854673246
7 	 0.17375699967516645
8 	 0.2083723143600671
9 	 0.2304289120058416
10 	 0.23832717411249893
11 	 0.23837113278887256
12 	 0.25993001538599014
13 	 0.26417532921265063
14 	 0.27061169374554006
15 	 0.2857578049603777
16 	 0.29767628939779334
17 	 0.3096239277698807
18 	 0.3187630272653275
19 	 0.3229686933548784
20 	 0.32636494441620684
21 	 0.33544338475321944
22 	 0.33544338475321944
23 	 0.3435458999278392
24 	 0.3486415227488498
25 	 0.3486415227488498
26 	 0.35602059132618025
27 	 0.36529496922442334
28 	 0.36529496922442334
29 	 0.36718903231631805
30 	 0.3721131361303807
31 	 0.3787419798511302
32 	 0.385213086549377
33 	 0.39014961207363524
34 	 0.396876801675882
35 	 0.40340805371689825
36 	 0.4093565019470007
37 	 0.4166628894261342
38 	 0.41774216934280184
39 	 0.4221491411405879
40 	 0.4287691690851688
41 	 0.42991912966925133
42 	 0.435013506261244
43 	 0.43556167120782574
44 	 0.43997945921256226
45 	 0.44370007147579565
46 	 0.4478147602616359
47 	 0.4502313235168119
48 	 0.4535622620577302
49 	 0.4568535528615388
50 	 0.46586668067814124
51 	 0.46743418116798513
52 	 0.47187543255587616
53 	 0.47905980980099405
54 	 0.47905980980099405
55 	 0.47932105988263474
56 	 0.48386727152804565
57 	 0.48820356265841686
58 	 0.4926448140463079
59 	 0.49352330423870017
60 	 0.4970604006508985
61 	 0.5013351419046194
62 	 0.5013351419046194
63 	 0.505188580608819
64 	 0.50558045573128
65 	 0.5094338944354795
66 	 0.5094338944354795
67 	 0.5119991628381879
68 	 0.5119991628381879
69 	 0.513222020619269
70 	 0.5173367094051091
71 	 0.5175507270730517
72 	 0.5213388532568412
73 	 0.5226451036650444
74 	 0.5249310418794001
75 	 0.5264332298488339
76 	 0.5287191680631895
77 	 0.5287191680631895
78 	 0.5338135446551822
79 	 0.5338135446551822
80 	 0.5376016708389717
81 	 0.5376016708389717
82 	 0.5376016708389717
83 	 0.5376016708389717
84 	 0.5376016708389717
85 	 0.5376016708389717
86 	 0.5376016708389717
87 	 0.5408672968594798
88 	 0.5408672968594798
89 	 0.5408672968594798
90 	 0.5408672968594798
91 	 0.5408672968594798
92 	 0.5449166731249098
93 	 0.5449166731249098
94 	 0.5468708680107884
95 	 0.5468708680107884
96 	 0.5468708680107884
97 	 0.5468708680107884
98 	 0.5468708680107884
99 	 0.5468708680107884
100 	 0.5468708680107884
101 	 0.5468708680107884
102 	 0.5468708680107884
103 	 0.5468708680107884
104 	 0.5468708680107884
105 	 0.5468708680107884
106 	 0.5468708680107884
107 	 0.5468708680107884
108 	 0.5468708680107884
109 	 0.5468708680107884
110 	 0.5468708680107884
111 	 0.5468708680107884
112 	 0.5468708680107884
113 	 0.5468708680107884
114 	 0.5468708680107884
115 	 0.5468708680107884
116 	 0.5468708680107884
117 	 0.5468708680107884
118 	 0.5468708680107884
119 	 0.5468708680107884
0 	 0.014388298856162773
1 	 0.0463464422759895
2 	 0.052931987493709864
3 	 0.08873390587500629
4 	 0.10010987855074538
5 	 0.12079473858653944
6 	 0.1358347253385902
7 	 0.17446522879084347
8 	 0.19312631785441847
9 	 0.19897467691839554
10 	 0.21262499368411947
11 	 0.2316888219079577
12 	 0.24236108893831965
13 	 0.25926945542392477
14 	 0.2682167870770963
15 	 0.2682167870770963
16 	 0.2794591553944488
17 	 0.28376978174151957
18 	 0.2896479085784342
19 	 0.29179460694516496
20 	 0.29859162559595864
21 	 0.3420062957861729
22 	 0.3420062957861729
23 	 0.35396349589401044
24 	 0.35441687710445513
25 	 0.3641629168182547
26 	 0.36636546240548795
27 	 0.3720078316339274
28 	 0.3771368475467386
29 	 0.39117903943492355
30 	 0.39117903943492355
31 	 0.3994737295270142
32 	 0.4045015911582453
33 	 0.40790437410157704
34 	 0.40972779523140973
35 	 0.41541516523352007
36 	 0.42279007462181695
37 	 0.42840695137709095
38 	 0.4309553421134386
39 	 0.43586437766479463
40 	 0.4374212816340447
41 	 0.4448787079217484
42 	 0.44990777199333093
43 	 0.4516520762125674
44 	 0.4565043365547573
45 	 0.46081496290182805
46 	 0.46708496486120366
47 	 0.47176953493924884
48 	 0.47849672454149556
49 	 0.4843748513784102
50 	 0.4844401638988204
51 	 0.4883589151234301
52 	 0.4932573541541923
53 	 0.495935167491009
54 	 0.49782923058290374
55 	 0.5010948566034119
56 	 0.5010948566034119
57 	 0.5039032949810489
58 	 0.5093895466955025
59 	 0.5109570471853464
60 	 0.516051423777339
61 	 0.5181414244304643
62 	 0.5206886127264606
63 	 0.5240848637877891
64 	 0.5240848637877891
65 	 0.5248033015123008
66 	 0.5285261151756802
67 	 0.5291792403797817
68 	 0.5297670530634733
69 	 0.5342083044513644
70 	 0.5376698680331029
71 	 0.5412667439038444
72 	 0.542111119420994
73 	 0.542111119420994
74 	 0.5490389338326538
75 	 0.5490389338326538
76 	 0.5490389338326538
77 	 0.5490389338326538
78 	 0.5532189351389042
79 	 0.5556342959537288
80 	 0.5556342959537288
81 	 0.5556342959537288
82 	 0.5609899226273622
83 	 0.5609899226273622
84 	 0.5609899226273622
85 	 0.5609899226273622
86 	 0.5609899226273622
87 	 0.5609899226273622
88 	 0.5609899226273622
89 	 0.5609899226273622
90 	 0.5609899226273622
91 	 0.5615958154177657
92 	 0.5645821112499212
93 	 0.5645821112499212
94 	 0.5645821112499212
95 	 0.5685008624745309
96 	 0.5691067552649344
97 	 0.5691067552649344
98 	 0.5691067552649344
99 	 0.5691067552649344
100 	 0.5691067552649344
101 	 0.5691067552649344
102 	 0.5691067552649344
103 	 0.5691067552649344
104 	 0.5691067552649344
105 	 0.5691067552649344
106 	 0.5691067552649344
107 	 0.5691067552649344
108 	 0.5691067552649344
109 	 0.5691067552649344
110 	 0.5691067552649344
111 	 0.572633876104347
112 	 0.5769445024514177
113 	 0.5769445024514177
114 	 0.5769445024514177
115 	 0.5769445024514177
116 	 0.5769445024514177
117 	 0.5769445024514177
118 	 0.5769445024514177
119 	 0.5769445024514177
0 	 0.03575019166760324
1 	 0.10778563295449911
2 	 0.134210161579971
3 	 0.13719729361806088
4 	 0.14074141362098724
5 	 0.15265246842761138
6 	 0.16631510283249235
7 	 0.176840942356975
8 	 0.18586867777865324
9 	 0.1858967676971176
10 	 0.19911214599036298
11 	 0.20161716990793932
12 	 0.2142742585369498
13 	 0.21562072553110945
14 	 0.22703645483408053
15 	 0.23108254896754044
16 	 0.23909074762945548
17 	 0.25198960425131856
18 	 0.264203045568019
19 	 0.264203045568019
20 	 0.27128132342189526
21 	 0.2827208060555424
22 	 0.2827208060555424
23 	 0.2959103296453144
24 	 0.2959103296453144
25 	 0.31274789599366026
26 	 0.3216303987694423
27 	 0.32940892217549467
28 	 0.3468763920728918
29 	 0.3468763920728918
30 	 0.3578488955017991
31 	 0.3581101455834397
32 	 0.3631392096550222
33 	 0.3669303782080987
34 	 0.3715609188539063
35 	 0.3720217124308043
36 	 0.3824064031760202
37 	 0.3874354672476027
38 	 0.3891335927782669
39 	 0.3930523440028767
40 	 0.39592609490092384
41 	 0.4025226594623503
42 	 0.4065720357277804
43 	 0.41439160678551346
44 	 0.41506266338110154
45 	 0.4194386022485824
46 	 0.4228348533099109
47 	 0.42740672973862226
48 	 0.43385473786774187
49 	 0.4365978637249687
50 	 0.44476192877623905
51 	 0.44848474243961833
52 	 0.4499216178886419
53 	 0.45018286797028256
54 	 0.45821630798073254
55 	 0.45821630798073254
56 	 0.462984366707938
57 	 0.46572724782790126
58 	 0.4702302058021755
59 	 0.47545520743498854
60 	 0.4763698274579944
61 	 0.48166014161121756
62 	 0.48655858064197977
63 	 0.4934200012190738
64 	 0.4934200012190738
65 	 0.4973351465096566
66 	 0.49864500285188684
67 	 0.5030826483057509
68 	 0.5056295918644836
69 	 0.5110505310585272
70 	 0.5122917136835838
71 	 0.5163049601184004
72 	 0.5183004655613188
73 	 0.5237214047553622
74 	 0.531131146988771
75 	 0.5321108347949234
76 	 0.5385114617951193
77 	 0.5385114617951193
78 	 0.5411598477048758
79 	 0.5411598477048758
80 	 0.5439324009891628
81 	 0.5439324009891628
82 	 0.5439324009891628
83 	 0.5474592770913116
84 	 0.5483083398566437
85 	 0.5483083398566437
86 	 0.5517024525608327
87 	 0.5524883411628941
88 	 0.5549049044180702
89 	 0.5560182596343299
90 	 0.5560182596343299
91 	 0.5584317805202189
92 	 0.559280843285551
93 	 0.559280843285551
94 	 0.5625464693060591
95 	 0.5628107617569869
96 	 0.5628107617569869
97 	 0.566073345408208
98 	 0.5663376378591356
99 	 0.5696032638796438
100 	 0.5696032638796438
101 	 0.5707788892470267
102 	 0.5707788892470267
103 	 0.5740445152675349
104 	 0.5745670154308161
105 	 0.5778326414513242
106 	 0.5778326414513242
107 	 0.5778326414513242
108 	 0.5778326414513242
109 	 0.5778326414513242
110 	 0.5778326414513242
111 	 0.5778326414513242
112 	 0.5816207676351137
113 	 0.5816207676351137
114 	 0.5816207676351137
115 	 0.5816207676351137
116 	 0.5816207676351137
117 	 0.5816207676351137
118 	 0.5816207676351137
119 	 0.5816207676351137
0 	 0.011116696837498663
1 	 0.06620475488269562
2 	 0.08352416691575937
3 	 0.10746487820281314
4 	 0.11956652362399534
5 	 0.16205152927982447
6 	 0.16205152927982447
7 	 0.19405275093642005
8 	 0.19405275093642005
9 	 0.20935130130940838
10 	 0.23826851106567848
11 	 0.25776718689537953
12 	 0.25776718689537953
13 	 0.2716880419004071
14 	 0.27594248585064607
15 	 0.2831679048513783
16 	 0.285340217963279
17 	 0.2968352215554676
18 	 0.30420967841450547
19 	 0.3104798049085724
20 	 0.32368667506152615
21 	 0.32602418476619116
22 	 0.3398830495679522
23 	 0.345042738680355
24 	 0.35663885572043547
25 	 0.35663885572043547
26 	 0.364632217507812
27 	 0.3680109278888155
28 	 0.37512999261352326
29 	 0.383192321932187
30 	 0.3837148220954683
31 	 0.3918113561220181
32 	 0.39226974620524047
33 	 0.40128389008580206
34 	 0.4110807681473264
35 	 0.42035634848592074
36 	 0.42035634848592074
37 	 0.4257119751595541
38 	 0.4259437978141346
39 	 0.43047858670914474
40 	 0.4347251029761565
41 	 0.4389692143624659
42 	 0.44413010591521995
43 	 0.4473009919882578
44 	 0.4535351088542834
45 	 0.45993573585447933
46 	 0.4655526126097533
47 	 0.4655526126097533
48 	 0.4777660539264537
49 	 0.4777660539264537
50 	 0.4777660539264537
51 	 0.4839707433654192
52 	 0.48710574434510695
53 	 0.4884119947533102
54 	 0.49481262175350615
55 	 0.4982088728148346
56 	 0.4982088728148346
57 	 0.49882705998176596
58 	 0.49882705998176596
59 	 0.5023235616006749
60 	 0.5023235616006749
61 	 0.5029417487676062
62 	 0.5058808121860636
63 	 0.5083323134784098
64 	 0.5083323134784098
65 	 0.511597939498918
66 	 0.5122161266658494
67 	 0.5153860656827074
68 	 0.5178330034211234
69 	 0.5211988799992118
70 	 0.52446450601972
71 	 0.5250826931866514
72 	 0.5250826931866514
73 	 0.5306995699419254
74 	 0.5306995699419254
75 	 0.5306995699419254
76 	 0.5326537648278038
77 	 0.5347489462073554
78 	 0.5347489462073554
79 	 0.5367031410932339
80 	 0.5367031410932339
81 	 0.5410790799607148
82 	 0.5424506428893282
83 	 0.5424506428893282
84 	 0.5468265817568091
85 	 0.5468265817568091
86 	 0.5468265817568091
87 	 0.5468265817568091
88 	 0.5468265817568091
89 	 0.5495126181893392
90 	 0.5495126181893392
91 	 0.55120252062429
92 	 0.5514668130752176
93 	 0.5516636865532363
94 	 0.5516636865532363
95 	 0.5536178814391146
96 	 0.5536178814391146
97 	 0.5538821738900424
98 	 0.5538821738900424
99 	 0.5538821738900424
100 	 0.5538821738900424
101 	 0.5538821738900424
102 	 0.5538821738900424
103 	 0.5538821738900424
104 	 0.5538821738900424
105 	 0.5538821738900424
106 	 0.5538821738900424
107 	 0.5538821738900424
108 	 0.5538821738900424
109 	 0.5538821738900424
110 	 0.5538821738900424
111 	 0.5538821738900424
112 	 0.5538821738900424
113 	 0.5538821738900424
114 	 0.5538821738900424
115 	 0.5538821738900424
116 	 0.5538821738900424
117 	 0.5538821738900424
118 	 0.5538821738900424
119 	 0.5538821738900424
0 	 0.03545869253537026
1 	 0.03853997511901869
2 	 0.03860528763942883
3 	 0.12792301509432846
4 	 0.12792301509432846
5 	 0.1485320037710024
6 	 0.1512165319840122
7 	 0.17591956116952578
8 	 0.1965285498461996
9 	 0.21430514952213475
10 	 0.23533324261985655
11 	 0.24022181132303566
12 	 0.24273922220950528
13 	 0.25129977328975894
14 	 0.25555421723999805
15 	 0.2634570322096277
16 	 0.2648682428753507
17 	 0.2760921260583156
18 	 0.28569306655860954
19 	 0.28787404451544535
20 	 0.29210356388638853
21 	 0.2975898156008422
22 	 0.30294544227447556
23 	 0.30294544227447556
24 	 0.3125012268364784
25 	 0.31904109368429934
26 	 0.3254417206844953
27 	 0.3254417206844953
28 	 0.33092797239894894
29 	 0.33719797435832455
30 	 0.3406595379400632
31 	 0.3483011028280522
32 	 0.3552895425119396
33 	 0.3615595444713152
34 	 0.3635137393571937
35 	 0.3685428034287762
36 	 0.3685428034287762
37 	 0.3734464231859648
38 	 0.37533530555143313
39 	 0.37866624409235144
40 	 0.38493624605172705
41 	 0.3911461162171189
42 	 0.3959740620010445
43 	 0.3990437504603222
44 	 0.40374625192985386
45 	 0.40675062786872135
46 	 0.412628754705636
47 	 0.4128951855137031
48 	 0.4166179991770823
49 	 0.4173965686955779
50 	 0.4258185242446714
51 	 0.42745987756516934
52 	 0.42810782204284453
53 	 0.43436928369197647
54 	 0.43685634019398895
55 	 0.44194553605955533
56 	 0.444623349396372
57 	 0.4473716559800251
58 	 0.44958710094754434
59 	 0.4552778305334722
60 	 0.4552778305334722
61 	 0.45906595671726164
62 	 0.46311197339887433
63 	 0.46846241934608135
64 	 0.46846241934608135
65 	 0.47597853991967637
66 	 0.47597853991967637
67 	 0.47597853991967637
68 	 0.47597853991967637
69 	 0.47937479098100483
70 	 0.47937479098100483
71 	 0.47937479098100483
72 	 0.4851222927770991
73 	 0.4851222927770991
74 	 0.48538354285873975
75 	 0.4888451064404784
76 	 0.48910635652211903
77 	 0.4935476079100101
78 	 0.4935476079100101
79 	 0.49707448401215887
80 	 0.5004707350734874
81 	 0.5009279227163586
82 	 0.5046507363797377
83 	 0.5046507363797377
84 	 0.5082429250022966
85 	 0.5082429250022966
86 	 0.5101971198881753
87 	 0.5101971198881753
88 	 0.5110756100805676
89 	 0.5110756100805676
90 	 0.5110756100805676
91 	 0.5129877360982107
92 	 0.5143412361010757
93 	 0.5143412361010757
94 	 0.5143412361010757
95 	 0.517131852311111
96 	 0.517131852311111
97 	 0.519283731404268
98 	 0.519283731404268
99 	 0.5212379262901468
100 	 0.5212379262901468
101 	 0.5212379262901468
102 	 0.5212379262901468
103 	 0.5212379262901468
104 	 0.5212379262901468
105 	 0.5218438190805503
106 	 0.5218438190805503
107 	 0.5218438190805503
108 	 0.5218438190805503
109 	 0.5218438190805503
110 	 0.5236124378580509
111 	 0.5236124378580509
112 	 0.5236124378580509
113 	 0.5236124378580509
114 	 0.5236124378580509
115 	 0.5236124378580509
116 	 0.5236124378580509
117 	 0.5236124378580509
118 	 0.5236124378580509
119 	 0.5236124378580509
0 	 0.035425374478190275
1 	 0.0724309027468491
2 	 0.09904277095354863
3 	 0.12875385853729426
4 	 0.1563811782109934
5 	 0.17484945768585014
6 	 0.18163652045425138
7 	 0.2008053790354899
8 	 0.21832191037641513
9 	 0.2244612872949704
10 	 0.24347651889199062
11 	 0.2464808948308581
12 	 0.25244749416566536
13 	 0.2593797514527211
14 	 0.3076928606736976
15 	 0.3076928606736976
16 	 0.31102379921461587
17 	 0.3151384880004562
18 	 0.320298177112859
19 	 0.3248700535415704
20 	 0.3300297426539732
21 	 0.3357119319296573
22 	 0.3447250597462598
23 	 0.34890506105251023
24 	 0.3508644366648151
25 	 0.35824475147116347
26 	 0.3606613147263395
27 	 0.3668393333614017
28 	 0.37121527222888256
29 	 0.376636211422926
30 	 0.3817959005353289
31 	 0.3817959005353289
32 	 0.3877393398926537
33 	 0.3928337164846464
34 	 0.40086715649509636
35 	 0.40276121958699107
36 	 0.4059645754563761
37 	 0.4112518472403122
38 	 0.41530122350574233
39 	 0.41974247489363337
40 	 0.423207080844659
41 	 0.4286249776694155
42 	 0.4328702914960761
43 	 0.4342418544246895
44 	 0.4365931051594553
45 	 0.4415054329027667
46 	 0.44900552640667324
47 	 0.44900552640667324
48 	 0.4593902171518891
49 	 0.4616731129969578
50 	 0.4640274061010107
51 	 0.4675542822031594
52 	 0.468596240160435
53 	 0.4721231162625838
54 	 0.4747386594482773
55 	 0.4747386594482773
56 	 0.4772858477442737
57 	 0.4789186607545277
58 	 0.4832945996220086
59 	 0.4844049124689814
60 	 0.4879317885711302
61 	 0.49203786255016574
62 	 0.49203786255016574
63 	 0.49530348857067386
64 	 0.49804661442790066
65 	 0.49804661442790066
66 	 0.5013122404484088
67 	 0.5023572407749715
68 	 0.5056881793158897
69 	 0.5113703685915738
70 	 0.5113703685915738
71 	 0.5113703685915738
72 	 0.5139828694079804
73 	 0.5151584947753634
74 	 0.5151584947753634
75 	 0.5153544323365937
76 	 0.5177709955917698
77 	 0.5191425585203833
78 	 0.5191425585203833
79 	 0.5191425585203833
80 	 0.5210967534062618
81 	 0.5233965803331666
82 	 0.5233965803331666
83 	 0.5247080114677962
84 	 0.5266622063536748
85 	 0.5277072066802374
86 	 0.5277072066802374
87 	 0.5309728327007456
88 	 0.5309728327007456
89 	 0.5348915839253553
90 	 0.5348915839253553
91 	 0.5348915839253553
92 	 0.5352834590478163
93 	 0.5392022102724261
94 	 0.5392022102724261
95 	 0.5433822115786764
96 	 0.5433822115786764
97 	 0.5433822115786764
98 	 0.5433822115786764
99 	 0.5433822115786764
100 	 0.5433822115786764
101 	 0.5473766248517218
102 	 0.5473766248517218
103 	 0.5473766248517218
104 	 0.5473766248517218
105 	 0.5493308197376001
106 	 0.5493308197376001
107 	 0.5493308197376001
108 	 0.5493308197376001
109 	 0.5493308197376001
110 	 0.5493308197376001
111 	 0.5493308197376001
112 	 0.5493308197376001
113 	 0.5493308197376001
114 	 0.5493308197376001
115 	 0.5531189459213897
116 	 0.5531189459213897
117 	 0.5531189459213897
118 	 0.5531189459213897
119 	 0.5531189459213897
0 	 0.04918930615213968
1 	 0.09044887824152115
2 	 0.14355076176941706
3 	 0.14355076176941706
4 	 0.17519409394607033
5 	 0.1837859859356128
6 	 0.1864637992724295
7 	 0.2222827320673827
8 	 0.23342140528458288
9 	 0.23779734415206377
10 	 0.26187264646434727
11 	 0.26187264646434727
12 	 0.26961317993203027
13 	 0.2905102713156046
14 	 0.296567969472179
15 	 0.3081554995575331
16 	 0.31162862100646427
17 	 0.3192586280272607
18 	 0.3230983257013595
19 	 0.33296171872364533
20 	 0.3402251495192741
21 	 0.3410088997641961
22 	 0.34577671375413793
23 	 0.3528957784788457
24 	 0.3585126552341197
25 	 0.36007895328361234
26 	 0.3699423463058981
27 	 0.37105145671251966
28 	 0.37522785208474324
29 	 0.38032583461076275
30 	 0.384307494862107
31 	 0.387968601939103
32 	 0.3907105253559786
33 	 0.39658504625886637
34 	 0.4034428609019335
35 	 0.40905973765720743
36 	 0.4134356765246884
37 	 0.4146113018920713
38 	 0.4183341155554505
39 	 0.41866067815750135
40 	 0.42421224239236516
41 	 0.4264981806067209
42 	 0.4304169318313306
43 	 0.4345316206171709
44 	 0.43890755948465177
45 	 0.4441325611174648
46 	 0.4443284986786953
47 	 0.4561500648729347
48 	 0.4589585032505717
49 	 0.4629425669955916
50 	 0.4673185058630725
51 	 0.46744913090389284
52 	 0.47287007009793636
53 	 0.47339257026121767
54 	 0.4764622587204953
55 	 0.4764622587204953
56 	 0.4806422600267457
57 	 0.48423444864930465
58 	 0.48423444864930465
59 	 0.4842997611697148
60 	 0.4906350756495006
61 	 0.4906350756495006
62 	 0.4922678886597546
63 	 0.4957294522414933
64 	 0.4957294522414933
65 	 0.4993869533844624
66 	 0.502064766721279
67 	 0.5071591433132717
68 	 0.5071591433132717
69 	 0.5071591433132717
70 	 0.5104247693337798
71 	 0.5104247693337798
72 	 0.5104247693337798
73 	 0.5132627826991336
74 	 0.5164335212115148
75 	 0.5164335212115148
76 	 0.5164335212115148
77 	 0.5192241374215502
78 	 0.5196991472320229
79 	 0.5224897634420583
80 	 0.5224897634420583
81 	 0.5224897634420583
82 	 0.5224897634420583
83 	 0.5257553894625664
84 	 0.5257553894625664
85 	 0.5257553894625664
86 	 0.5288903904422542
87 	 0.5321560164627623
88 	 0.5321560164627623
89 	 0.5321560164627623
90 	 0.5321560164627623
91 	 0.5321560164627623
92 	 0.5321560164627623
93 	 0.5321560164627623
94 	 0.5321560164627623
95 	 0.5321560164627623
96 	 0.5321560164627623
97 	 0.5321560164627623
98 	 0.5321560164627623
99 	 0.5321560164627623
100 	 0.5321560164627623
101 	 0.5321560164627623
102 	 0.5321560164627623
103 	 0.5321560164627623
104 	 0.5321560164627623
105 	 0.5341102113486409
106 	 0.5341102113486409
107 	 0.5341102113486409
108 	 0.5342976085996276
109 	 0.5392613601507998
110 	 0.5392613601507998
111 	 0.5392613601507998
112 	 0.5392613601507998
113 	 0.5392613601507998
114 	 0.5392613601507998
115 	 0.5392613601507998
116 	 0.5392613601507998
117 	 0.5392613601507998
118 	 0.5392613601507998
119 	 0.5392613601507998
0 	 0.021164610608280343
1 	 0.09474253996044424
2 	 0.10161194872788204
3 	 0.11251572022244527
4 	 0.12262062288433007
5 	 0.14235659817257007
6 	 0.1426745459678162
7 	 0.14948383760771466
8 	 0.15641673777781728
9 	 0.17077049718823223
10 	 0.20204483117344652
11 	 0.20204483117344652
12 	 0.21406233492891646
13 	 0.22879319676867582
14 	 0.22879319676867582
15 	 0.23297319807492622
16 	 0.2394317799594834
17 	 0.2405413893786017
18 	 0.25276289175920547
19 	 0.25377868040336926
20 	 0.2603495801814951
21 	 0.26135375009675316
22 	 0.27134656571950805
23 	 0.2756571920665788
24 	 0.27846633387207026
25 	 0.28357041212911477
26 	 0.2869562580975369
27 	 0.2925731348528109
28 	 0.2939446977814243
29 	 0.3013420429984394
30 	 0.3077756924179846
31 	 0.31463350706105164
32 	 0.3196402378399438
33 	 0.3271661533437541
34 	 0.3271661533437541
35 	 0.3300077006215277
36 	 0.3390281860741789
37 	 0.3392894361558195
38 	 0.3451602053566854
39 	 0.3461240987071206
40 	 0.3535300782967693
41 	 0.35489177089779966
42 	 0.3637089611531716
43 	 0.3637089611531716
44 	 0.3698483380717269
45 	 0.3730486515718249
46 	 0.37735927791889556
47 	 0.3779214258192866
48 	 0.3849776211518343
49 	 0.39026549217680734
50 	 0.39026549217680734
51 	 0.39555824945828066
52 	 0.3988238754787888
53 	 0.40025213612100763
54 	 0.4063494221742032
55 	 0.40889661047019954
56 	 0.4127921400397589
57 	 0.41528263062214976
58 	 0.4178212041113414
59 	 0.4195425512970561
60 	 0.4237646434686662
61 	 0.4267690194075337
62 	 0.42774870721368613
63 	 0.42894755423611947
64 	 0.4327124587648585
65 	 0.43800277291808165
66 	 0.43800277291808165
67 	 0.44290121194884385
68 	 0.44636277553058246
69 	 0.44819152610206703
70 	 0.44884465130616863
71 	 0.45217558984708695
72 	 0.4572046539186695
73 	 0.4639971560413264
74 	 0.4639971560413264
75 	 0.4679812197863463
76 	 0.47216122109259673
77 	 0.47216122109259673
78 	 0.4753563538662683
79 	 0.4788230981744333
80 	 0.4812344807031829
81 	 0.4833949746031447
82 	 0.4858063571318943
83 	 0.4899863584381447
84 	 0.4937143528279504
85 	 0.4937143528279504
86 	 0.4980902916954313
87 	 0.4980902916954313
88 	 0.5003097149490257
89 	 0.500505652510256
90 	 0.500505652510256
91 	 0.502263909834904
92 	 0.502263909834904
93 	 0.5024598473961346
94 	 0.5035753409695337
95 	 0.5035753409695337
96 	 0.5063659571795691
97 	 0.5065618947407995
98 	 0.5085160896266782
99 	 0.5085160896266782
100 	 0.51074189604705
101 	 0.51074189604705
102 	 0.51074189604705
103 	 0.5126960909329286
104 	 0.5126960909329286
105 	 0.5126960909329286
106 	 0.5126960909329286
107 	 0.5126960909329286
108 	 0.5126960909329286
109 	 0.5126960909329286
110 	 0.5126960909329286
111 	 0.5126960909329286
112 	 0.5126960909329286
113 	 0.5126960909329286
114 	 0.5126960909329286
115 	 0.5126960909329286
116 	 0.5126960909329286
117 	 0.5126960909329286
118 	 0.5126960909329286
119 	 0.5126960909329286
0 	 0.07580745836369607
1 	 0.08919652504777942
2 	 0.12176931684990677
3 	 0.14500893632167067
4 	 0.15565758386484552
5 	 0.18353323289445767
6 	 0.19600229467930608
7 	 0.21348461870610314
8 	 0.2614462064024706
9 	 0.26748062306350595
10 	 0.27963555137343143
11 	 0.3102710195210111
12 	 0.31530008359259365
13 	 0.3301913382461107
14 	 0.3351154420601732
15 	 0.34086294385626753
16 	 0.35054293790707247
17 	 0.3574660650705498
18 	 0.36484119915047175
19 	 0.37111120110984736
20 	 0.37111120110984736
21 	 0.37711995298758233
22 	 0.3828252703556103
23 	 0.387859515153619
24 	 0.39264540925027314
25 	 0.402371794064961
26 	 0.40855853613800897
27 	 0.41802885159748254
28 	 0.4193351020056858
29 	 0.4246907286793191
30 	 0.43457604735359756
31 	 0.438364173537387
32 	 0.44735417326164556
33 	 0.4495747989555911
34 	 0.456455741691002
35 	 0.4632904282417252
36 	 0.4632904282417252
37 	 0.475242619476785
38 	 0.48033699606877767
39 	 0.4851701225791297
40 	 0.48941543640579027
41 	 0.4911788744568647
42 	 0.49542418828352525
43 	 0.49633856356926753
44 	 0.5008451274775687
45 	 0.5043720035797175
46 	 0.5050904413042293
47 	 0.5086173174063782
48 	 0.5086173174063782
49 	 0.5121441935085269
50 	 0.5121441935085269
51 	 0.5121441935085269
52 	 0.5145201348936901
53 	 0.5160629447331366
54 	 0.5210920088047192
55 	 0.5210920088047192
56 	 0.525010760029329
57 	 0.525010760029329
58 	 0.5250708918233128
59 	 0.5282763860498371
60 	 0.5285376361314778
61 	 0.5285376361314778
62 	 0.5289071779612482
63 	 0.5318032621519858
64 	 0.5318032621519858
65 	 0.5324340540633969
66 	 0.5325713481680663
67 	 0.5325713481680663
68 	 0.5371655578894681
69 	 0.5371655578894681
70 	 0.5371655578894681
71 	 0.5371655578894681
72 	 0.5375320573499517
73 	 0.5409536840732576
74 	 0.5409536840732576
75 	 0.5413201835337411
76 	 0.5422830625738045
77 	 0.54598274814484
78 	 0.552383375145036
79 	 0.552383375145036
80 	 0.552383375145036
81 	 0.5530141670564471
82 	 0.5543375700309144
83 	 0.5564327514104661
84 	 0.5570635433218771
85 	 0.5583869462963446
86 	 0.5594394847070405
87 	 0.5594394847070405
88 	 0.561393679592919
89 	 0.561393679592919
90 	 0.561393679592919
91 	 0.561393679592919
92 	 0.5625039924398917
93 	 0.5625039924398917
94 	 0.5657696184603999
95 	 0.5657696184603999
96 	 0.5694924321237791
97 	 0.5698189947258299
98 	 0.5698189947258299
99 	 0.5735418083892092
100 	 0.5735418083892092
101 	 0.5735418083892092
102 	 0.5736302490019631
103 	 0.5736302490019631
104 	 0.5736302490019631
105 	 0.5736302490019631
106 	 0.5736302490019631
107 	 0.5736302490019631
108 	 0.5736302490019631
109 	 0.5736302490019631
110 	 0.5736302490019631
111 	 0.5736302490019631
112 	 0.5736302490019631
113 	 0.5736302490019631
114 	 0.5736302490019631
115 	 0.5736302490019631
116 	 0.5736302490019631
117 	 0.5754641802998741
118 	 0.5774183751857525
119 	 0.5774183751857525
0 	 0.029395912621196785
1 	 0.08233101399498266
2 	 0.0933464426477536
3 	 0.16578156735639493
4 	 0.18140285385879462
5 	 0.19413879533877643
6 	 0.19564887075095494
7 	 0.20955489246490122
8 	 0.21334301864869065
9 	 0.21899581502062282
10 	 0.23332488725044087
11 	 0.24086620158084937
12 	 0.24649235158999316
13 	 0.25495803584555343
14 	 0.25798600961153895
15 	 0.26547544363081743
16 	 0.26607683445917213
17 	 0.28101198984805964
18 	 0.2910756421807762
19 	 0.3007495614164786
20 	 0.3007495614164786
21 	 0.30675831329421355
22 	 0.3106117519984132
23 	 0.3162286287536872
24 	 0.32164956794773064
25 	 0.3244533529633916
26 	 0.3307233549227673
27 	 0.33418957186648185
28 	 0.3363402316780413
29 	 0.339871761142166
30 	 0.3437610587373302
31 	 0.3535122438194876
32 	 0.35978224577886325
33 	 0.3603700584625547
34 	 0.36304787179937137
35 	 0.36951899204640387
36 	 0.36990568644243843
37 	 0.37565836896495913
38 	 0.38369180897540917
39 	 0.38545524702648354
40 	 0.3900924359756051
41 	 0.3925743117511913
42 	 0.39910038306578116
43 	 0.40746038567828197
44 	 0.40746038567828197
45 	 0.41007806722111484
46 	 0.4124241372294543
47 	 0.41882476422965026
48 	 0.4194125769133417
49 	 0.4209714651471652
50 	 0.4304503928626592
51 	 0.4307168236707262
52 	 0.437052138150512
53 	 0.437052138150512
54 	 0.44449776547727055
55 	 0.44449776547727055
56 	 0.44613057848752463
57 	 0.447894016538599
58 	 0.45148620516115795
59 	 0.45364151833469335
60 	 0.4570377693960218
61 	 0.45919308256955715
62 	 0.4622627710288348
63 	 0.46500589688606164
64 	 0.4660508972126242
65 	 0.4702308985188746
66 	 0.4733005869781523
67 	 0.47408433722307425
68 	 0.47800308844768397
69 	 0.4817912146314734
70 	 0.4842730904070596
71 	 0.4865590286214153
72 	 0.4876693414683881
73 	 0.49263309301956043
74 	 0.49263309301956043
75 	 0.49883658001817455
76 	 0.49883658001817455
77 	 0.49883658001817455
78 	 0.5007971580708308
79 	 0.5032125188856554
80 	 0.5034768113365831
81 	 0.5034768113365831
82 	 0.5034768113365831
83 	 0.5054310062224616
84 	 0.5054310062224616
85 	 0.5085711879285757
86 	 0.5085711879285757
87 	 0.5085711879285757
88 	 0.5088925698042002
89 	 0.5120327515103142
90 	 0.5120327515103142
91 	 0.5139869463961928
92 	 0.5139869463961928
93 	 0.5139869463961928
94 	 0.5139869463961928
95 	 0.5139869463961928
96 	 0.5139869463961928
97 	 0.5139869463961928
98 	 0.5139869463961928
99 	 0.5139869463961928
100 	 0.5139869463961928
101 	 0.5139869463961928
102 	 0.5139869463961928
103 	 0.5139869463961928
104 	 0.5139869463961928
105 	 0.5139869463961928
106 	 0.5139869463961928
107 	 0.5139869463961928
108 	 0.5139869463961928
109 	 0.5139869463961928
110 	 0.5139869463961928
111 	 0.5139869463961928
112 	 0.5139869463961928
113 	 0.5146011441376575
114 	 0.5148654365885852
115 	 0.5148654365885852
116 	 0.5148654365885852
117 	 0.5154962284999962
118 	 0.5176560527986205
119 	 0.5176560527986205
0 	 0.10998667399096845
1 	 0.12079878460611781
2 	 0.13923824817095515
3 	 0.13923824817095515
4 	 0.1507150933776441
5 	 0.17885010495580317
6 	 0.18936902667586625
7 	 0.21502380998321763
8 	 0.21855068608536637
9 	 0.2515066075222371
10 	 0.2571234842775111
11 	 0.2577596392342928
12 	 0.27144066727743743
13 	 0.27927816972665687
14 	 0.2895358413650795
15 	 0.31095834805961287
16 	 0.3200459185202038
17 	 0.3200459185202038
18 	 0.3260546703979388
19 	 0.3305080223376309
20 	 0.3305080223376309
21 	 0.33710975570065616
22 	 0.3523548959063939
23 	 0.3523548959063939
24 	 0.3591631045148788
25 	 0.3628206056578479
26 	 0.36837216989271176
27 	 0.370156527659338
28 	 0.3719888841648495
29 	 0.3785201362058658
30 	 0.3817857622263739
31 	 0.3839410753999093
32 	 0.3914238836634722
33 	 0.39151372183346117
34 	 0.39504059793560997
35 	 0.4010493498133449
36 	 0.4031393504664701
37 	 0.40934403990543555
38 	 0.4122831033238929
39 	 0.41823014861524466
40 	 0.4241699820385425
41 	 0.4254762324467457
42 	 0.42632529521207785
43 	 0.4327456738912747
44 	 0.4352928621872711
45 	 0.4378856113246766
46 	 0.44567755293248695
47 	 0.4478328661060223
48 	 0.4478328661060223
49 	 0.4501661854493018
50 	 0.45237354468956625
51 	 0.457368494085906
52 	 0.4624628706778987
53 	 0.4648615025415884
54 	 0.46809593071692884
55 	 0.471131504500964
56 	 0.4749849432051636
57 	 0.47818994395344405
58 	 0.4824646852071646
59 	 0.4850477585965111
60 	 0.4866105718381726
61 	 0.49046401054237215
62 	 0.4936036987702424
63 	 0.49550294258856353
64 	 0.4992257562519428
65 	 0.5011146386174111
66 	 0.502948569915322
67 	 0.5043201328439355
68 	 0.5059477651277631
69 	 0.5097965165837803
70 	 0.5097965165837803
71 	 0.5097965165837803
72 	 0.5137852675769827
73 	 0.5137852675769827
74 	 0.5172468311587213
75 	 0.5173774561995417
76 	 0.5210349573425107
77 	 0.5214921449853819
78 	 0.5248883960467103
79 	 0.5271882229736152
80 	 0.5275800980960762
81 	 0.5309763491574047
82 	 0.5309763491574047
83 	 0.5309763491574047
84 	 0.531854839349797
85 	 0.5346338503003738
86 	 0.5355123404927662
87 	 0.5355123404927662
88 	 0.5361654656968677
89 	 0.5398229668398369
90 	 0.5398229668398369
91 	 0.543088592860345
92 	 0.543088592860345
93 	 0.543088592860345
94 	 0.543088592860345
95 	 0.543088592860345
96 	 0.543088592860345
97 	 0.543088592860345
98 	 0.543088592860345
99 	 0.543088592860345
100 	 0.543088592860345
101 	 0.543088592860345
102 	 0.543088592860345
103 	 0.543088592860345
104 	 0.543088592860345
105 	 0.543088592860345
106 	 0.543088592860345
107 	 0.543088592860345
108 	 0.543088592860345
109 	 0.543088592860345
110 	 0.543088592860345
111 	 0.543088592860345
112 	 0.543088592860345
113 	 0.5463542188808531
114 	 0.5463542188808531
115 	 0.5463542188808531
116 	 0.5463542188808531
117 	 0.5463542188808531
118 	 0.5463542188808531
119 	 0.5463542188808531
0 	 -0.03066453437454697
1 	 0.029341020317042776
2 	 0.07246130518345262
3 	 0.07798348161591556
4 	 0.09833665739024788
5 	 0.1356717274993156
6 	 0.14447013739581854
7 	 0.159979579216267
8 	 0.16305444840197092
9 	 0.18443471786038962
10 	 0.1881595290648947
11 	 0.21547099604572173
12 	 0.2220205817739982
13 	 0.22490346279562395
14 	 0.23997298283248147
15 	 0.2558081662473767
16 	 0.2649188966854502
17 	 0.2766901557529394
18 	 0.28774171273235766
19 	 0.2910073387528658
20 	 0.29737980739856795
21 	 0.3028942174675154
22 	 0.30499334824421903
23 	 0.3101530373566219
24 	 0.3199276323337339
25 	 0.32650626550367395
26 	 0.32948778596319656
27 	 0.3351699752388807
28 	 0.34157060223907665
29 	 0.34211595788170285
30 	 0.3561173628990564
31 	 0.3617995521747405
32 	 0.3617995521747405
33 	 0.3637537470606191
34 	 0.3731639307261088
35 	 0.3731639307261088
36 	 0.3787154949609726
37 	 0.3868142474918328
38 	 0.3909942487980832
39 	 0.3909942487980832
40 	 0.3951742501043336
41 	 0.3956967502676149
42 	 0.40464345276624286
43 	 0.40464345276624286
44 	 0.4105919009963454
45 	 0.4160128401903889
46 	 0.4160128401903889
47 	 0.42502596800699133
48 	 0.42502596800699133
49 	 0.42881409419078076
50 	 0.43743534688492225
51 	 0.43743534688492225
52 	 0.44181128575240314
53 	 0.44181128575240314
54 	 0.44181128575240314
55 	 0.44586066201783325
56 	 0.446187224619884
57 	 0.446187224619884
58 	 0.4526608303554884
59 	 0.46141270809045015
60 	 0.46141270809045015
61 	 0.46258833345783307
62 	 0.46696427232531396
63 	 0.4677480225702359
64 	 0.4677480225702359
65 	 0.47329958680509976
66 	 0.4740833370500217
67 	 0.4791777136420144
68 	 0.4791777136420144
69 	 0.4791777136420144
70 	 0.48348833998908514
71 	 0.48348833998908514
72 	 0.48746378892730047
73 	 0.48746378892730047
74 	 0.48746378892730047
75 	 0.49360316584585573
76 	 0.49360316584585573
77 	 0.49360316584585573
78 	 0.4979137921929265
79 	 0.4980022328056804
80 	 0.5011794182134346
81 	 0.5027469187032785
82 	 0.5054900445605053
83 	 0.5055553570809155
84 	 0.5088209831014237
85 	 0.5098659834279862
86 	 0.5131316094484943
87 	 0.5131316094484943
88 	 0.5131316094484943
89 	 0.5168544231118737
90 	 0.5173769232751549
91 	 0.5173769232751549
92 	 0.5173769232751549
93 	 0.5210997369385342
94 	 0.5210997369385342
95 	 0.5210997369385342
96 	 0.5247572380815033
97 	 0.5247572380815033
98 	 0.5271331794666665
99 	 0.5271331794666665
100 	 0.5271331794666665
101 	 0.5271331794666665
102 	 0.5271331794666665
103 	 0.5271331794666665
104 	 0.5271331794666665
105 	 0.5271331794666665
106 	 0.5271331794666665
107 	 0.5271331794666665
108 	 0.5271331794666665
109 	 0.5271331794666665
110 	 0.5271331794666665
111 	 0.5271331794666665
112 	 0.5315744308545576
113 	 0.5315744308545576
114 	 0.5315744308545576
115 	 0.5315744308545576
116 	 0.5315744308545576
117 	 0.5315744308545576
118 	 0.5315744308545576
119 	 0.5315744308545576
0 	 0.04879996270742659
1 	 0.06815451064269801
2 	 0.1265468711894442
3 	 0.1783932271508164
4 	 0.1783932271508164
5 	 0.1891679352242388
6 	 0.21005529375623488
7 	 0.22194641012881444
8 	 0.24025426348251067
9 	 0.25169203832922704
10 	 0.2709004475527895
11 	 0.27118736241773056
12 	 0.28431517902017334
13 	 0.302091190782081
14 	 0.31148299055203243
15 	 0.3134140193355148
16 	 0.3196742608032138
17 	 0.3317805786008714
18 	 0.33379396582529886
19 	 0.33934553006016277
20 	 0.342078647660788
21 	 0.34801848108408584
22 	 0.3589256719925831
23 	 0.3592231013148245
24 	 0.36460786126826716
25 	 0.3656528615948298
26 	 0.369375675258209
27 	 0.37167522766319316
28 	 0.3768349167755961
29 	 0.38198763924368184
30 	 0.38662178658051893
31 	 0.39773156259655795
32 	 0.40328312683142176
33 	 0.40654875285192993
34 	 0.4112512543214616
35 	 0.4120350045663836
36 	 0.413794836683431
37 	 0.41934640091829484
38 	 0.42359532067898237
39 	 0.42960046662269036
40 	 0.4333232802860696
41 	 0.44005046988831636
42 	 0.4433160959088245
43 	 0.448345159980407
44 	 0.45161078600091514
45 	 0.45605203738880623
46 	 0.46297516455228344
47 	 0.4674164159401745
48 	 0.467612353501405
49 	 0.47068204196068264
50 	 0.4766254813180074
51 	 0.4798911073385156
52 	 0.4843976712468168
53 	 0.49040642312455174
54 	 0.4948476745124428
55 	 0.49510892459408345
56 	 0.5000073636248457
57 	 0.5039261148494554
58 	 0.5046445525739672
59 	 0.506930490788323
60 	 0.514180180553851
61 	 0.514180180553851
62 	 0.514180180553851
63 	 0.5196664322683047
64 	 0.5196664322683047
65 	 0.5304429981359815
66 	 0.5304429981359815
67 	 0.5336322647537834
68 	 0.5344270618810014
69 	 0.5344270618810014
70 	 0.5344270618810014
71 	 0.5360476255686083
72 	 0.5376163284988034
73 	 0.5384111256260213
74 	 0.5384111256260213
75 	 0.5422645643302209
76 	 0.5422645643302209
77 	 0.5424605018914513
78 	 0.5437545029770074
79 	 0.545453830948023
80 	 0.5555760691712469
81 	 0.5555760691712469
82 	 0.5592988828346261
83 	 0.5592988828346261
84 	 0.5592988828346261
85 	 0.5600936799618439
86 	 0.5600936799618439
87 	 0.5612530777205047
88 	 0.5620478748477227
89 	 0.5620478748477227
90 	 0.5620478748477227
91 	 0.5620478748477227
92 	 0.5620478748477227
93 	 0.5620478748477227
94 	 0.5620478748477227
95 	 0.5620478748477227
96 	 0.5653135008682308
97 	 0.5653135008682308
98 	 0.5653135008682308
99 	 0.5653135008682308
100 	 0.5694935021744811
101 	 0.5694935021744811
102 	 0.5694935021744811
103 	 0.5694935021744811
104 	 0.5694935021744811
105 	 0.5694935021744811
106 	 0.5694935021744811
107 	 0.5694935021744811
108 	 0.5694935021744811
109 	 0.5694935021744811
110 	 0.5694935021744811
111 	 0.5694935021744811
112 	 0.5694935021744811
113 	 0.5694935021744811
114 	 0.5694935021744811
115 	 0.5694935021744811
116 	 0.5700993949648847
117 	 0.5700993949648847
118 	 0.5700993949648847
119 	 0.5700993949648847
0 	 0.05952760831505227
1 	 0.07513364748888429
2 	 0.11544224738610465
3 	 0.1652154822466435
4 	 0.1710936090835582
5 	 0.22987374050448384
6 	 0.24519241502793443
7 	 0.2618657750221824
8 	 0.2618657750221824
9 	 0.2814711874267903
10 	 0.2954836115420376
11 	 0.3151758584662474
12 	 0.3373598323212903
13 	 0.3373598323212903
14 	 0.34934871629741476
15 	 0.358767460266579
16 	 0.35905461705522856
17 	 0.3702624638587676
18 	 0.37894902907331923
19 	 0.37894902907331923
20 	 0.38371684306326115
21 	 0.38979090746140627
22 	 0.3910318453491993
23 	 0.3963874720228327
24 	 0.3963874720228327
25 	 0.4016777861760558
26 	 0.4051393497577945
27 	 0.4115399767579904
28 	 0.41460966521726805
29 	 0.41460966521726805
30 	 0.41617716570711194
31 	 0.4191162291255693
32 	 0.424210605717562
33 	 0.42643123141150746
34 	 0.43152560800350015
35 	 0.43465560011041027
36 	 0.43838342264656727
37 	 0.44765780054481036
38 	 0.44863773308822635
39 	 0.44863773308822635
40 	 0.45510367260883244
41 	 0.45510367260883244
42 	 0.4605899243232861
43 	 0.46437805050707553
44 	 0.4684841244861112
45 	 0.4726641257923616
46 	 0.4743708661298304
47 	 0.47952194043542873
48 	 0.47952194043542873
49 	 0.4835799315076634
50 	 0.48768600548669905
51 	 0.4910822565480275
52 	 0.4922578819154104
53 	 0.49558882045632874
54 	 0.5000953843646299
55 	 0.5126960474418152
56 	 0.5140727791720274
57 	 0.5186446556007389
58 	 0.5221062191824775
59 	 0.5221062191824775
60 	 0.526678095611189
61 	 0.526678095611189
62 	 0.5304009092745681
63 	 0.5304009092745681
64 	 0.5339277853767169
65 	 0.5349074731828694
66 	 0.5349074731828694
67 	 0.5406549749789638
68 	 0.5406549749789638
69 	 0.5406549749789638
70 	 0.5432674757953702
71 	 0.5486231024690036
72 	 0.5535868540201758
73 	 0.5535868540201758
74 	 0.5535868540201758
75 	 0.5535868540201758
76 	 0.5562646673569925
77 	 0.5571137301223247
78 	 0.5571137301223247
79 	 0.5597915434591414
80 	 0.5635796696429307
81 	 0.5635796696429307
82 	 0.5635796696429307
83 	 0.5635796696429307
84 	 0.5655338645288093
85 	 0.5655338645288093
86 	 0.5655338645288093
87 	 0.5655338645288093
88 	 0.5655338645288093
89 	 0.5655338645288093
90 	 0.5655338645288093
91 	 0.5655338645288093
92 	 0.5668452956634389
93 	 0.5687994905493174
94 	 0.5687994905493174
95 	 0.5687994905493174
96 	 0.5687994905493174
97 	 0.5710252969696893
98 	 0.572979491855568
99 	 0.572979491855568
100 	 0.572979491855568
101 	 0.572979491855568
102 	 0.572979491855568
103 	 0.572979491855568
104 	 0.572979491855568
105 	 0.572979491855568
106 	 0.572979491855568
107 	 0.572979491855568
108 	 0.572979491855568
109 	 0.572979491855568
110 	 0.572979491855568
111 	 0.572979491855568
112 	 0.572979491855568
113 	 0.572979491855568
114 	 0.572979491855568
115 	 0.572979491855568
116 	 0.572979491855568
117 	 0.572979491855568
118 	 0.572979491855568
119 	 0.572979491855568
0 	 0.0675208914845018
1 	 0.07649948979490628
2 	 0.10154972985947108
3 	 0.11860558584418657
4 	 0.13640288149681168
5 	 0.1441888124557219
6 	 0.1499363142518162
7 	 0.16682398616113903
8 	 0.1795039032783735
9 	 0.18936609386030812
10 	 0.20226495048217108
11 	 0.2195727683908642
12 	 0.22427526986039592
13 	 0.23589624513142876
14 	 0.24082557193997778
15 	 0.25073201278194873
16 	 0.2556008354444659
17 	 0.2654759597065598
18 	 0.2755818133279996
19 	 0.28256664707785994
20 	 0.28679946751881064
21 	 0.2976538392926076
22 	 0.30398915377239333
23 	 0.3129284287583419
24 	 0.3129284287583419
25 	 0.3180267014255478
26 	 0.32409686974847973
27 	 0.3291912463404724
28 	 0.33515118302933594
29 	 0.3450133736112705
30 	 0.3450133736112705
31 	 0.3510371308826654
32 	 0.35278556354007984
33 	 0.3559355699134276
34 	 0.36037682130131865
35 	 0.36554011634774836
36 	 0.3707615120465345
37 	 0.3734896325101014
38 	 0.3802318275060081
39 	 0.384607766373489
40 	 0.3882652675164581
41 	 0.3889183927205597
42 	 0.3923146437818882
43 	 0.39871527078208413
44 	 0.4039402724148971
45 	 0.40563839794556134
46 	 0.4130187127519097
47 	 0.41367183795601137
48 	 0.4242524662624577
49 	 0.4269302795992744
50 	 0.4314368435075756
51 	 0.4314368435075756
52 	 0.44088487588263675
53 	 0.44110309652827967
54 	 0.44767737800529367
55 	 0.4515308167094933
56 	 0.45984778988599634
57 	 0.46185019493429896
58 	 0.46903457217941685
59 	 0.47256144828156565
60 	 0.47256144828156565
61 	 0.47582707430207377
62 	 0.47582707430207377
63 	 0.4812480134961173
64 	 0.4819664512206291
65 	 0.48346863919006283
66 	 0.48634239008811
67 	 0.4896080161086181
68 	 0.4940492674965092
69 	 0.4940492674965092
70 	 0.49842520636399007
71 	 0.5031277078335218
72 	 0.5031277078335218
73 	 0.5088098971092059
74 	 0.5121408356501242
75 	 0.5152093216690506
76 	 0.5152093216690506
77 	 0.5167127120788355
78 	 0.5188668228120197
79 	 0.5203702132218047
80 	 0.5234386992407312
81 	 0.5237664642831332
82 	 0.5248114646096957
83 	 0.5282077156710242
84 	 0.5282077156710242
85 	 0.5342805776288181
86 	 0.5342805776288181
87 	 0.5350643278737401
88 	 0.5397015168228616
89 	 0.5441427682107527
90 	 0.5441427682107527
91 	 0.5441427682107527
92 	 0.5441427682107527
93 	 0.5441427682107527
94 	 0.5483227695170031
95 	 0.5483227695170031
96 	 0.5483227695170031
97 	 0.5483227695170031
98 	 0.5483227695170031
99 	 0.5502769644028815
100 	 0.5502769644028815
101 	 0.5515883955375112
102 	 0.5535425904233897
103 	 0.5535425904233897
104 	 0.5535425904233897
105 	 0.5535425904233897
106 	 0.5557683968437617
107 	 0.5557683968437617
108 	 0.5557683968437617
109 	 0.5577225917296401
110 	 0.5577225917296401
111 	 0.5577225917296401
112 	 0.5577225917296401
113 	 0.5577225917296401
114 	 0.5577225917296401
115 	 0.5577225917296401
116 	 0.5577225917296401
117 	 0.5577225917296401
118 	 0.5577225917296401
119 	 0.5577225917296401
0 	 0.044218610722933205
1 	 0.07909762395348297
2 	 0.09374265154062544
3 	 0.12398487081865406
4 	 0.12398487081865406
5 	 0.1379599673452364
6 	 0.14937251565055676
7 	 0.22847035350502976
8 	 0.24153926905472534
9 	 0.24153926905472534
10 	 0.24679340396734784
11 	 0.2501896550286763
12 	 0.2704616745854709
13 	 0.28189136565724926
14 	 0.29318667918612495
15 	 0.29318667918612495
16 	 0.2954847062323741
17 	 0.3053348079824152
18 	 0.3053348079824152
19 	 0.30696983949697954
20 	 0.31337046649717537
21 	 0.31744534379562095
22 	 0.320424218701473
23 	 0.33070600394319416
24 	 0.33762913110667137
25 	 0.338674131433234
26 	 0.34187444493333197
27 	 0.34873225957639903
28 	 0.35043038510706326
29 	 0.356499268778782
30 	 0.3627692707381576
31 	 0.3640807018727873
32 	 0.36721570285247507
33 	 0.37348570481185067
34 	 0.38001695685286696
35 	 0.38184570742435153
36 	 0.38784927857566004
37 	 0.39189865484109015
38 	 0.39816865680046576
39 	 0.400525088261658
40 	 0.40366008924134583
41 	 0.40914658569306317
42 	 0.4115629042109755
43 	 0.41796377594843515
44 	 0.42149065205058395
45 	 0.4248869031119124
46 	 0.43167940523456927
47 	 0.43180978553812593
48 	 0.4367735370892983
49 	 0.4406272205307616
50 	 0.4459828472043949
51 	 0.449640348347364
52 	 0.4538856621740246
53 	 0.45519191258222785
54 	 0.45564910022509897
55 	 0.45884941372519694
56 	 0.46120066445996283
57 	 0.46703155888317943
58 	 0.46703155888317943
59 	 0.47049312246491803
60 	 0.4724473173507965
61 	 0.4724473173507965
62 	 0.4740148178406404
63 	 0.47819999987331724
64 	 0.4813169207462929
65 	 0.48460062687351313
66 	 0.4887806281797636
67 	 0.4901470103819506
68 	 0.4958996929044713
69 	 0.5000796942107217
70 	 0.5064098279640811
71 	 0.5064098279640811
72 	 0.5098713915458197
73 	 0.5114388920356636
74 	 0.5114388920356636
75 	 0.5152923307398631
76 	 0.5180406373235165
77 	 0.5199948322093949
78 	 0.5207785824543169
79 	 0.5259434403683186
80 	 0.5259434403683186
81 	 0.5294754971968938
82 	 0.5314296920827724
83 	 0.5352831307869719
84 	 0.5352831307869719
85 	 0.5370517495644727
86 	 0.5409000075422459
87 	 0.5444921961648048
88 	 0.5460648773810751
89 	 0.5460648773810751
90 	 0.5460648773810751
91 	 0.5482833647178813
92 	 0.5482833647178813
93 	 0.5482833647178813
94 	 0.5495947958525107
95 	 0.5497223785240443
96 	 0.5499866709749717
97 	 0.5532522969954798
98 	 0.5533407376082338
99 	 0.5552064918813585
100 	 0.5569751106588591
101 	 0.5569751106588591
102 	 0.5590177461574916
103 	 0.5590177461574916
104 	 0.5590177461574916
105 	 0.5590177461574916
106 	 0.5607257396627647
107 	 0.5607257396627647
108 	 0.5607257396627647
109 	 0.5607257396627647
110 	 0.5626799345486433
111 	 0.5626799345486433
112 	 0.5626799345486433
113 	 0.5626799345486433
114 	 0.5626799345486433
115 	 0.5626799345486433
116 	 0.5664680607324326
117 	 0.5664680607324326
118 	 0.5664680607324326
119 	 0.5664680607324326
0 	 -0.012633219391296746
1 	 0.04308274244564225
2 	 0.05471996520302197
3 	 0.07649857325926729
4 	 0.09305088550519125
5 	 0.09690087618504623
6 	 0.12191933615627848
7 	 0.13448103009295964
8 	 0.15314211915653458
9 	 0.17195273174496373
10 	 0.1784556501614873
11 	 0.19347288098763488
12 	 0.19666214760543688
13 	 0.20991160712595192
14 	 0.2540483931217934
15 	 0.2639105837037279
16 	 0.2744396405198649
17 	 0.2880872442132524
18 	 0.2937694334889366
19 	 0.2937694334889366
20 	 0.2937694334889366
21 	 0.30024629142951753
22 	 0.3061051705343737
23 	 0.3089789214324208
24 	 0.32307467826411196
25 	 0.3254983267488444
26 	 0.3512789604502883
27 	 0.3512789604502883
28 	 0.3680331840933203
29 	 0.3758903311234185
30 	 0.3835226227575377
31 	 0.38692814707273593
32 	 0.3883104399037105
33 	 0.3981164480888134
34 	 0.4014275266037921
35 	 0.4014275266037921
36 	 0.4070351301051962
37 	 0.4096767642014122
38 	 0.41760647025397957
39 	 0.41760647025397957
40 	 0.4257145109425028
41 	 0.4308088875344954
42 	 0.43551138900402714
43 	 0.4400653340412521
44 	 0.4400653340412521
45 	 0.4442453353475025
46 	 0.4507112748681086
47 	 0.4545647135723082
48 	 0.4596590901643009
49 	 0.46508002935834436
50 	 0.47135003131771996
51 	 0.47135003131771996
52 	 0.4752034700219196
53 	 0.4752034700219196
54 	 0.47696690807299397
55 	 0.47716284563422445
56 	 0.48082034677719354
57 	 0.48121222189965457
58 	 0.48382472271606103
59 	 0.48578409832836594
60 	 0.48669847361410823
61 	 0.4912703500428196
62 	 0.4916622251652806
63 	 0.49531972630824966
64 	 0.49956504013491027
65 	 0.5003111973967476
66 	 0.508148699845967
67 	 0.5115449509072956
68 	 0.5165087024584679
69 	 0.5165087024584679
70 	 0.5204274536830776
71 	 0.5223816485689563
72 	 0.5267627681628635
73 	 0.5267627681628635
74 	 0.528716963048742
75 	 0.5319877697956765
76 	 0.5339419646815551
77 	 0.5339419646815551
78 	 0.5339419646815551
79 	 0.5377300908653446
80 	 0.5389057162327275
81 	 0.5401518348469467
82 	 0.5444624611940174
83 	 0.5458941559166148
84 	 0.5502047822636856
85 	 0.5538021516126708
86 	 0.5621621542251716
87 	 0.5621621542251716
88 	 0.5621621542251716
89 	 0.5656890303273203
90 	 0.5656890303273203
91 	 0.5656890303273203
92 	 0.5710446570009537
93 	 0.5710446570009537
94 	 0.5713089494518814
95 	 0.5745062205826923
96 	 0.5745062205826923
97 	 0.5763328327970374
98 	 0.5799302021460229
99 	 0.5799302021460229
100 	 0.5833917657277614
101 	 0.5833917657277614
102 	 0.5833917657277614
103 	 0.5833917657277614
104 	 0.5833917657277614
105 	 0.5833917657277614
106 	 0.5833917657277614
107 	 0.5834802063405153
108 	 0.5834802063405153
109 	 0.5834802063405153
110 	 0.5834802063405153
111 	 0.5872683325243048
112 	 0.5872683325243048
113 	 0.5872683325243048
114 	 0.5872683325243048
115 	 0.5872683325243048
116 	 0.5872683325243048
117 	 0.5872683325243048
118 	 0.5872683325243048
119 	 0.5872683325243048
0 	 0.09071726797563573
1 	 0.11560404182633044
2 	 0.13884366129809433
3 	 0.15204838454531788
4 	 0.15662026097402926
5 	 0.16901648689112636
6 	 0.18269716574611006
7 	 0.2084845566034309
8 	 0.2084845566034309
9 	 0.22986482606184955
10 	 0.2402495168070654
11 	 0.2459970186031598
12 	 0.24883112176409716
13 	 0.25320706063157805
14 	 0.26668268305483656
15 	 0.2759165363450662
16 	 0.2815334131003402
17 	 0.2913192442795687
18 	 0.2913192442795687
19 	 0.30039768461658134
20 	 0.3159310730093473
21 	 0.3171677577111619
22 	 0.32074186622700884
23 	 0.3267033856910456
24 	 0.33124353303577836
25 	 0.33725228491351333
26 	 0.3437858943122366
27 	 0.34831479151322836
28 	 0.3524071470063781
29 	 0.3579091214698369
30 	 0.35900371156780453
31 	 0.3671024640986647
32 	 0.3671024640986647
33 	 0.3707599652416338
34 	 0.3751359041091147
35 	 0.37670340459895857
36 	 0.3803609057419277
37 	 0.38449367463448
38 	 0.3866309077013033
39 	 0.3919212218545265
40 	 0.3951868478750346
41 	 0.3951868478750346
42 	 0.4064206013855826
43 	 0.4064206013855826
44 	 0.41040466513060253
45 	 0.41667466708997813
46 	 0.41667466708997813
47 	 0.42066094933930837
48 	 0.4207240433554082
49 	 0.421050605957459
50 	 0.4250999822228891
51 	 0.4250999822228891
52 	 0.4307168589781631
53 	 0.4347031412274933
54 	 0.4347031412274933
55 	 0.4388178300133336
56 	 0.4428672062787637
57 	 0.44900658319731895
58 	 0.44900658319731895
59 	 0.45286002190151853
60 	 0.45553783523833524
61 	 0.45553783523833524
62 	 0.46180783719771085
63 	 0.4634406502079649
64 	 0.46552547013466383
65 	 0.4677512765550356
66 	 0.4677512765550356
67 	 0.4726497155857978
68 	 0.47735221705532954
69 	 0.4793064119412081
70 	 0.4793064119412081
71 	 0.48087909315747834
72 	 0.48434065673921695
73 	 0.4849284694229084
74 	 0.4889125331679283
75 	 0.48900097378068236
76 	 0.49086672805380693
77 	 0.49289659691294824
78 	 0.49289659691294824
79 	 0.4929850375257023
80 	 0.4949392324115807
81 	 0.4983828486274019
82 	 0.4983828486274019
83 	 0.5003370435132806
84 	 0.5037616033933792
85 	 0.5057157982792575
86 	 0.509503924463047
87 	 0.509503924463047
88 	 0.509503924463047
89 	 0.5131614256060162
90 	 0.5131614256060162
91 	 0.5131614256060162
92 	 0.5131614256060162
93 	 0.5131614256060162
94 	 0.5131614256060162
95 	 0.5131614256060162
96 	 0.5160819546176056
97 	 0.5160819546176056
98 	 0.5160819546176056
99 	 0.5160819546176056
100 	 0.5225713997086137
101 	 0.5239197018040886
102 	 0.5239197018040886
103 	 0.5245255945944922
104 	 0.5245255945944922
105 	 0.526294213371993
106 	 0.526294213371993
107 	 0.526294213371993
108 	 0.526294213371993
109 	 0.526294213371993
110 	 0.526294213371993
111 	 0.526294213371993
112 	 0.526294213371993
113 	 0.526294213371993
114 	 0.526294213371993
115 	 0.526294213371993
116 	 0.526294213371993
117 	 0.526294213371993
118 	 0.526294213371993
119 	 0.526294213371993
0 	 0.04374365091481858
1 	 0.08201206862904542
2 	 0.08553894473119428
3 	 0.10056809056281257
4 	 0.13256663248226208
5 	 0.14965184202582138
6 	 0.15706129011197922
7 	 0.17287150452595534
8 	 0.1895985834247036
9 	 0.21903623835595531
10 	 0.24075553987960185
11 	 0.24075553987960185
12 	 0.26727289804347854
13 	 0.26727289804347854
14 	 0.29234328337422577
15 	 0.30004960981701567
16 	 0.315349787890142
17 	 0.3295951261124803
18 	 0.3295951261124803
19 	 0.33247434638430196
20 	 0.3365182532759575
21 	 0.34373243084476646
22 	 0.3500665428842009
23 	 0.3576706684960344
24 	 0.3602564985085376
25 	 0.36659181298832344
26 	 0.3725352523456482
27 	 0.3725352523456482
28 	 0.3823962404872314
29 	 0.3823962404872314
30 	 0.3863543975252425
31 	 0.389058117569068
32 	 0.3959415969954354
33 	 0.4013506124362794
34 	 0.4104153117431912
35 	 0.413067218372999
36 	 0.4203822206589372
37 	 0.4279584730265161
38 	 0.43109347400620385
39 	 0.4318772242511258
40 	 0.4342284749858917
41 	 0.4454622284964396
42 	 0.45179754297622543
43 	 0.4533650434660693
44 	 0.4581981699764214
45 	 0.4581981699764214
46 	 0.4626394213643124
47 	 0.4630966090071835
48 	 0.46851754820122704
49 	 0.469370216900586
50 	 0.4751794252830636
51 	 0.47694286333413805
52 	 0.48295161521187296
53 	 0.4863478662732014
54 	 0.4907238051406823
55 	 0.4933363059570888
56 	 0.4969284945796478
57 	 0.4988878701919527
58 	 0.5040614480169048
59 	 0.5048451982618267
60 	 0.5080969355697855
61 	 0.509808949812999
62 	 0.5108539501395617
63 	 0.5155425628965442
64 	 0.5161442642927848
65 	 0.5207814532419064
66 	 0.5207814532419064
67 	 0.5250920795889771
68 	 0.5281617680482547
69 	 0.5304477062626104
70 	 0.5318192691912238
71 	 0.5361952080587047
72 	 0.5361952080587047
73 	 0.5398527092016738
74 	 0.5398527092016738
75 	 0.5422039599364397
76 	 0.5422039599364397
77 	 0.5458614610794088
78 	 0.5459920861202292
79 	 0.5465145862835104
80 	 0.5502373999468897
81 	 0.5503027124672999
82 	 0.5545480262939604
83 	 0.5545480262939604
84 	 0.5546786513347808
85 	 0.5588586526410312
86 	 0.5588586526410312
87 	 0.5588586526410312
88 	 0.5588586526410312
89 	 0.5588586526410312
90 	 0.5623855287431799
91 	 0.5623855287431799
92 	 0.5623855287431799
93 	 0.5623855287431799
94 	 0.5674799053351727
95 	 0.567536677545339
96 	 0.567536677545339
97 	 0.5694341002210511
98 	 0.5726310541373316
99 	 0.5745852490232102
100 	 0.5745852490232102
101 	 0.5745852490232102
102 	 0.5745852490232102
103 	 0.5745852490232102
104 	 0.5745852490232102
105 	 0.5745852490232102
106 	 0.5748495414741378
107 	 0.5748495414741378
108 	 0.5748495414741378
109 	 0.5748495414741378
110 	 0.5765528477312285
111 	 0.5785070426171068
112 	 0.5785070426171068
113 	 0.5785070426171068
114 	 0.5785070426171068
115 	 0.5785070426171068
116 	 0.5785070426171068
117 	 0.5785070426171068
118 	 0.5785070426171068
119 	 0.5785070426171068
0 	 0.05264029267552223
1 	 0.05264029267552223
2 	 0.06798631287681012
3 	 0.09425306315774751
4 	 0.09745505449533237
5 	 0.11611614355890743
6 	 0.13483106914368648
7 	 0.19082007121957323
8 	 0.19082007121957323
9 	 0.2007600677076279
10 	 0.21140600853448438
11 	 0.239585700462132
12 	 0.23997757558459298
13 	 0.2440269518500231
14 	 0.24852615812227563
15 	 0.25160320421760196
16 	 0.2532029948085067
17 	 0.27391973887004173
18 	 0.28332474180910516
19 	 0.28332474180910516
20 	 0.296206313723567
21 	 0.3070520427829446
22 	 0.3070520427829446
23 	 0.3155426704362658
24 	 0.3205064219874382
25 	 0.32354558897152186
26 	 0.32916246572679586
27 	 0.3332810051839268
28 	 0.3380101774573617
29 	 0.33942038210248204
30 	 0.35078476065385034
31 	 0.35378553065869073
32 	 0.35378553065869073
33 	 0.3707945055026587
34 	 0.3707945055026587
35 	 0.3779135702273664
36 	 0.38829826097258224
37 	 0.3894738863399652
38 	 0.3957438882993408
39 	 0.40188687115192306
40 	 0.40436514099348225
41 	 0.40436514099348225
42 	 0.4067817042486583
43 	 0.40998201774875626
44 	 0.41141889319777986
45 	 0.41644795726936235
46 	 0.4188645205245384
47 	 0.4221301465450465
48 	 0.4265713979329376
49 	 0.42742046069826967
50 	 0.43179639956575055
51 	 0.4356498382699502
52 	 0.44103978215503103
53 	 0.4511632228186062
54 	 0.4588701002270054
55 	 0.4625929138903847
56 	 0.4625929138903847
57 	 0.4669688527578656
58 	 0.4685363532477095
59 	 0.4749137585928551
60 	 0.47715760594185097
61 	 0.48425344901150835
62 	 0.48862938787898924
63 	 0.4955757366975168
64 	 0.4955757366975168
65 	 0.4955757366975168
66 	 0.5010619884119705
67 	 0.5010619884119705
68 	 0.5033479266263261
69 	 0.5052419897182209
70 	 0.5072666778509359
71 	 0.5124263669633388
72 	 0.51294886712662
73 	 0.5195454316880466
74 	 0.5299301224332624
75 	 0.5299301224332624
76 	 0.5299301224332624
77 	 0.5320201230863876
78 	 0.5320201230863876
79 	 0.5344366863415636
80 	 0.5365266869946888
81 	 0.5400535630968375
82 	 0.5400535630968375
83 	 0.5400535630968375
84 	 0.5451479396888302
85 	 0.5451479396888302
86 	 0.5486748157909791
87 	 0.5493279409950806
88 	 0.5536385673421513
89 	 0.5542916925462531
90 	 0.5578185686484018
91 	 0.5602339294632266
92 	 0.5642833057286567
93 	 0.5642833057286567
94 	 0.5642833057286567
95 	 0.5642833057286567
96 	 0.5642833057286567
97 	 0.5682673694736766
98 	 0.5682673694736766
99 	 0.5682673694736766
100 	 0.5682673694736766
101 	 0.5682673694736766
102 	 0.5682673694736766
103 	 0.5682673694736766
104 	 0.5682673694736766
105 	 0.5682673694736766
106 	 0.5682673694736766
107 	 0.5702215643595552
108 	 0.5702215643595552
109 	 0.5702215643595552
110 	 0.5702215643595552
111 	 0.5702215643595552
112 	 0.5702215643595552
113 	 0.5702215643595552
114 	 0.5702215643595552
115 	 0.5702215643595552
116 	 0.5702215643595552
117 	 0.5702215643595552
118 	 0.5702215643595552
119 	 0.5702215643595552
0 	 0.021634766677705808
1 	 0.08212478003637624
2 	 0.10710449424869395
3 	 0.12652761479106767
4 	 0.14942063517129966
5 	 0.16530317175533998
6 	 0.1813022007814794
7 	 0.21167837383598487
8 	 0.22401990171915498
9 	 0.2418857645386019
10 	 0.2418857645386019
11 	 0.24815576649797755
12 	 0.2529641040907815
13 	 0.268160419344045
14 	 0.268160419344045
15 	 0.2810413056395511
16 	 0.2810413056395511
17 	 0.293837906277967
18 	 0.3040919719823625
19 	 0.3144788812318887
20 	 0.31465029314354037
21 	 0.3166096687558453
22 	 0.3272148227118704
23 	 0.3405385768755436
24 	 0.3465473287532786
25 	 0.3472734326927887
26 	 0.3577234359584147
27 	 0.3577234359584147
28 	 0.36425468799943095
29 	 0.36425468799943095
30 	 0.37039406491798627
31 	 0.37150437776495904
32 	 0.37614156671408056
33 	 0.37823156736720576
34 	 0.37850331843092744
35 	 0.3832606314387883
36 	 0.3916670201267202
37 	 0.39220844673498056
38 	 0.3949620735742884
39 	 0.4032926487597292
40 	 0.4084164527787819
41 	 0.4084164527787819
42 	 0.4084164527787819
43 	 0.41284720318459195
44 	 0.4147667726522275
45 	 0.42002765937839065
46 	 0.4243422067767806
47 	 0.42564453613366465
48 	 0.42564453613366465
49 	 0.4311307878481183
50 	 0.43386874490374616
51 	 0.43557203923600935
52 	 0.44266027037581757
53 	 0.4441228106081417
54 	 0.4471668342841188
55 	 0.45023652274339643
56 	 0.45503000151663886
57 	 0.45823031501673683
58 	 0.46149594103724495
59 	 0.46417892317566056
60 	 0.46417892317566056
61 	 0.46776594299662055
62 	 0.47155923798200894
63 	 0.47260423830857157
64 	 0.4767189270944118
65 	 0.48083361588025203
66 	 0.48540549230896346
67 	 0.48540549230896346
68 	 0.4886058058090614
69 	 0.48886705589070206
70 	 0.49232861947244067
71 	 0.49742299606443335
72 	 0.49742299606443335
73 	 0.49905580907468744
74 	 0.5050645609524224
75 	 0.5098976874627744
76 	 0.5135551886057435
77 	 0.5152533141364077
78 	 0.5189761277997871
79 	 0.5206089408100412
80 	 0.5240705043917797
81 	 0.5247889421162915
82 	 0.5284464432592606
83 	 0.5284464432592606
84 	 0.5284464432592606
85 	 0.5324305070042805
86 	 0.5328223821267415
87 	 0.5328223821267415
88 	 0.5333089971966727
89 	 0.5333089971966727
90 	 0.5368064458717614
91 	 0.5368064458717614
92 	 0.5376849360641536
93 	 0.5376849360641536
94 	 0.5409505620846617
95 	 0.5409505620846617
96 	 0.5409505620846617
97 	 0.541473062247943
98 	 0.5447386882684511
99 	 0.5447386882684511
100 	 0.5447386882684511
101 	 0.5447386882684511
102 	 0.5447386882684511
103 	 0.5447386882684511
104 	 0.5447386882684511
105 	 0.5447386882684511
106 	 0.5447386882684511
107 	 0.5447386882684511
108 	 0.5447386882684511
109 	 0.5447386882684511
110 	 0.5447386882684511
111 	 0.5450029807193788
112 	 0.5450029807193788
113 	 0.5450029807193788
114 	 0.5450029807193788
115 	 0.5450029807193788
116 	 0.5450029807193788
117 	 0.5469571756052573
118 	 0.5469571756052573
119 	 0.5469571756052573
0 	 0.07638125795063527
1 	 0.07638125795063527
2 	 0.09764466099876135
3 	 0.14855876596409223
4 	 0.17951480846224843
5 	 0.2184100406010563
6 	 0.2184100406010563
7 	 0.2300271289238215
8 	 0.2352680525897094
9 	 0.25436368131774556
10 	 0.25436368131774556
11 	 0.26371191204664257
12 	 0.2693564154059177
13 	 0.28042117556125445
14 	 0.2837521141021728
15 	 0.2925426335536415
16 	 0.29887794803342727
17 	 0.3042260901941283
18 	 0.3167843203362014
19 	 0.32043107976878094
20 	 0.3239579558709297
21 	 0.32735420693225814
22 	 0.33303639620794234
23 	 0.3381960853203452
24 	 0.3381960853203452
25 	 0.34400889963684966
26 	 0.35374547405074164
27 	 0.35974921705569884
28 	 0.36569766528580133
29 	 0.36602422788785216
30 	 0.37203297976558714
31 	 0.37392400048819485
32 	 0.3818951703475217
33 	 0.3853567339292603
34 	 0.3951536119907847
35 	 0.39665579996021844
36 	 0.4007704887460587
37 	 0.40573424029723104
38 	 0.41252674241988796
39 	 0.41252674241988796
40 	 0.419384557062955
41 	 0.42153987023649037
42 	 0.423494065122369
43 	 0.4295374251535904
44 	 0.43068362309391317
45 	 0.4351248744818042
46 	 0.43805875717383524
47 	 0.4405458136758477
48 	 0.44341956457389486
49 	 0.4496242540128603
50 	 0.45500412738712753
51 	 0.4591102013661631
52 	 0.4628035876024822
53 	 0.46828983931693585
54 	 0.46828983931693585
55 	 0.47171551780532445
56 	 0.4753077064278834
57 	 0.47870395748921185
58 	 0.4793570826933135
59 	 0.4822961461117708
60 	 0.4864761474180212
61 	 0.491308071488022
62 	 0.4952933376733932
63 	 0.4952933376733932
64 	 0.49706195645089396
65 	 0.4990161513367724
66 	 0.5041105279287651
67 	 0.5073160221552895
68 	 0.5082905292350155
69 	 0.5127970931433168
70 	 0.5169169626555834
71 	 0.5220061585211497
72 	 0.5220061585211497
73 	 0.5226592837252513
74 	 0.5261861598274
75 	 0.5278894660844907
76 	 0.5298436609703692
77 	 0.5316775922682802
78 	 0.5342849123582603
79 	 0.5358563911341792
80 	 0.5400977266747647
81 	 0.5419316579726756
82 	 0.5438858528585542
83 	 0.5438858528585542
84 	 0.5438858528585542
85 	 0.5463012136733789
86 	 0.5482617917260351
87 	 0.5482617917260351
88 	 0.5482617917260351
89 	 0.5487229576549812
90 	 0.5530988965224621
91 	 0.5530988965224621
92 	 0.5550530914083407
93 	 0.5563645225429703
94 	 0.5563645225429703
95 	 0.5563645225429703
96 	 0.5563645225429703
97 	 0.5563645225429703
98 	 0.5583187174288489
99 	 0.5583187174288489
100 	 0.5597607736042988
101 	 0.5597607736042988
102 	 0.5617149684901773
103 	 0.5617149684901773
104 	 0.5617149684901773
105 	 0.5617149684901773
106 	 0.5617149684901773
107 	 0.5617149684901773
108 	 0.5617149684901773
109 	 0.5617149684901773
110 	 0.5617149684901773
111 	 0.5617149684901773
112 	 0.5617149684901773
113 	 0.5617149684901773
114 	 0.5617149684901773
115 	 0.5617149684901773
116 	 0.5617149684901773
117 	 0.5617149684901773
118 	 0.5617149684901773
119 	 0.5617149684901773
