0 	 0.013585004245313836
1 	 0.018940630918947154
2 	 0.02018156880674027
3 	 0.028019071255959815
4 	 0.032852197766311764
5 	 0.04029782509307034
6 	 0.0492456403892626
7 	 0.054862517144536604
8 	 0.05838939324668535
9 	 0.05982626869570895
10 	 0.06759889408807651
11 	 0.07367073998191132
12 	 0.08359824308425612
13 	 0.08837106594697552
14 	 0.08837106594697552
15 	 0.09828465798429298
16 	 0.10045065639083017
17 	 0.10521000365208044
18 	 0.11102059946427467
19 	 0.11991701330508409
20 	 0.12233357656026012
21 	 0.12859289328663392
22 	 0.1344057076031384
23 	 0.1437303808924124
24 	 0.1494778826885067
25 	 0.15888288562757014
26 	 0.16600416885658809
27 	 0.17599698447934298
28 	 0.18662962231404734
29 	 0.19049636401039916
30 	 0.19781136629633733
31 	 0.20199136760258773
32 	 0.20800406038894803
33 	 0.2131061254855905
34 	 0.2206707484398942
35 	 0.22406699950122266
36 	 0.22406699950122266
37 	 0.22661418779721898
38 	 0.22687543787885966
39 	 0.2304676265014186
40 	 0.23301481479741493
41 	 0.23757338823397423
42 	 0.2451496406015531
43 	 0.2560568315100502
44 	 0.2560568315100502
45 	 0.26134714566327344
46 	 0.2690540230716726
47 	 0.2690540230716726
48 	 0.2707521486023369
49 	 0.27401777462284493
50 	 0.27545465007186853
51 	 0.2828349648782169
52 	 0.2828349648782169
53 	 0.28512090309257265
54 	 0.2902152796845653
55 	 0.2943952809908157
56 	 0.29855735090557967
57 	 0.3046967278241349
58 	 0.3049648624149661
59 	 0.3067393473483364
60 	 0.31456580291526004
61 	 0.31634028784863033
62 	 0.31743955381330724
63 	 0.32600654086933445
64 	 0.33291862115051574
65 	 0.33368444000395114
66 	 0.3398238169225064
67 	 0.34847404789043035
68 	 0.349686007504441
69 	 0.351935611472169
70 	 0.35840155099277504
71 	 0.36401842774804904
72 	 0.36401842774804904
73 	 0.3685070602648638
74 	 0.3685070602648638
75 	 0.3736667493772666
76 	 0.3749238111540447
77 	 0.37630642096495404
78 	 0.3808603660021791
79 	 0.3861396332731064
80 	 0.3861396332731064
81 	 0.3907115097018178
82 	 0.39279227097514835
83 	 0.39952869995718976
84 	 0.40410057638590113
85 	 0.4046230765491824
86 	 0.40893551039875453
87 	 0.4105012033860971
88 	 0.4162597520644873
89 	 0.41644464274342186
90 	 0.42245339462115683
91 	 0.4259260050851913
92 	 0.42959560677996134
93 	 0.4313358973969389
94 	 0.43377739305754215
95 	 0.43624538330999707
96 	 0.43840353831378565
97 	 0.4411327754584633
98 	 0.44429376570250123
99 	 0.4460860913622756
100 	 0.4530495986407357
101 	 0.4551257105813117
102 	 0.4580023033096122
103 	 0.4613825928102402
104 	 0.4651457865886023
105 	 0.4651457865886023
106 	 0.4682563690140077
107 	 0.47197918267738703
108 	 0.47197918267738703
109 	 0.47753074691225084
110 	 0.47753074691225084
111 	 0.48057164195720165
112 	 0.48177606073891144
113 	 0.4868051248104939
114 	 0.48778481261664636
115 	 0.49313182448347487
116 	 0.4945773147393033
117 	 0.49823481588227236
118 	 0.5032967931259114
119 	 0.5050602311769858
0 	 0.010711253347266636
1 	 0.016393442622950838
2 	 0.016393442622950838
3 	 0.022140944419045128
4 	 0.022140944419045128
5 	 0.02736594605185816
6 	 0.03537616440725777
7 	 0.04970282803213377
8 	 0.04970282803213377
9 	 0.07280023860228091
10 	 0.07280023860228091
11 	 0.07417180153089431
12 	 0.07824661795568522
13 	 0.09089180675589592
14 	 0.09383087017435332
15 	 0.09383087017435332
16 	 0.10081930985824072
17 	 0.10702399929720607
18 	 0.10872212482787036
19 	 0.11499212678724591
20 	 0.12178462890990283
21 	 0.130133946289402
22 	 0.13405269751401172
23 	 0.1376555713695724
24 	 0.14526170280480855
25 	 0.1515970172845943
26 	 0.15208963838021838
27 	 0.1570832689990479
28 	 0.16280089172748502
29 	 0.16978933141137242
30 	 0.1787371467075647
31 	 0.18526839874858092
32 	 0.18938308753442123
33 	 0.19611027713666795
34 	 0.19630621469789844
35 	 0.20029027844291836
36 	 0.20486215487162973
37 	 0.21074028170854442
38 	 0.21517152483983393
39 	 0.22065777655428753
40 	 0.22464184029930756
41 	 0.22751559119735465
42 	 0.2334037262908708
43 	 0.23566172485713854
44 	 0.24338653365702423
45 	 0.2457924116791984
46 	 0.2555892897407228
47 	 0.2588549157612309
48 	 0.26793335609824354
49 	 0.2715908572412127
50 	 0.27444667674777334
51 	 0.28274136683986395
52 	 0.28274136683986395
53 	 0.287966368472677
54 	 0.2906621132009801
55 	 0.2944976205136933
56 	 0.30233512296291276
57 	 0.30514356134054976
58 	 0.3052268052524464
59 	 0.30932356264680017
60 	 0.316899815014379
61 	 0.316899815014379
62 	 0.31970825339201603
63 	 0.3266462695776927
64 	 0.3300276316168217
65 	 0.3311379444637945
66 	 0.33355450771897055
67 	 0.3409386646652224
68 	 0.3428288856172136
69 	 0.34720866662459793
70 	 0.35393585622684465
71 	 0.3647628455927322
72 	 0.3647628455927322
73 	 0.36985722218472494
74 	 0.36985722218472494
75 	 0.3743637860930261
76 	 0.375082223817538
77 	 0.37958878772583915
78 	 0.38078573956462247
79 	 0.38494441439947247
80 	 0.38494441439947247
81 	 0.38893069664880286
82 	 0.39326084515419035
83 	 0.39330663551628375
84 	 0.3967877212563392
85 	 0.3997285889878801
86 	 0.4035820276920796
87 	 0.4035820276920796
88 	 0.4057373408656151
89 	 0.4093930376955005
90 	 0.41148484266170937
91 	 0.4154017895732355
92 	 0.42010609535585086
93 	 0.42010609535585086
94 	 0.42611484723358584
95 	 0.4268985974785078
96 	 0.4336257870807545
97 	 0.4353239126114187
98 	 0.43689141310126267
99 	 0.4392426638360285
100 	 0.4445982905096618
101 	 0.44544735327499396
102 	 0.4478763228343179
103 	 0.4508324073756873
104 	 0.4592407013856862
105 	 0.46167428576377434
106 	 0.46167428576377434
107 	 0.4650176306088407
108 	 0.4650176306088407
109 	 0.46923351700844107
110 	 0.46980892338798463
111 	 0.47298575809888055
112 	 0.4731522682330509
113 	 0.47451107416065796
114 	 0.48112039572309073
115 	 0.48120883633584455
116 	 0.4828479486808151
117 	 0.4858882097130326
118 	 0.48758633524369677
119 	 0.4909172737846151
0 	 0.011233753510548006
1 	 0.015612167180290792
2 	 0.023643132388478927
3 	 0.033701260531643906
4 	 0.033701260531643906
5 	 0.03897087861076898
6 	 0.0482908849885374
7 	 0.05787555191819005
8 	 0.07549077254682224
9 	 0.08757358882270228
10 	 0.09521515371069134
11 	 0.09545147138690468
12 	 0.09682764648190134
13 	 0.10165450767821371
14 	 0.11134734625200149
15 	 0.11461297227250966
16 	 0.12022358371374409
17 	 0.12597108550983838
18 	 0.13392852776687625
19 	 0.13771665395066568
20 	 0.1445744685937328
21 	 0.15380549339138494
22 	 0.15380549339138494
23 	 0.16508260000252384
24 	 0.1697851014720556
25 	 0.17285478993133319
26 	 0.1824377990401408
27 	 0.18994873888730945
28 	 0.19445530279561074
29 	 0.20302251715615938
30 	 0.20903126903389435
31 	 0.2096060244900163
32 	 0.2195465848199306
33 	 0.22359417804460857
34 	 0.2298589992775577
35 	 0.23339105610613298
36 	 0.23816065313682688
37 	 0.24266721704512817
38 	 0.24514730977996224
39 	 0.2503723114127753
40 	 0.2538338749945138
41 	 0.2593854392293776
42 	 0.26336088816759284
43 	 0.26336088816759284
44 	 0.2642838782601399
45 	 0.2683899522391754
46 	 0.2693696400453278
47 	 0.2727658911066563
48 	 0.27766433013741854
49 	 0.281060581198747
50 	 0.28145245632120797
51 	 0.28471808234171603
52 	 0.28902870868878683
53 	 0.2951804919114901
54 	 0.29844611793199816
55 	 0.3047161198913738
56 	 0.3047161198913738
57 	 0.30844115205906353
58 	 0.31562331079987094
59 	 0.3191501869020198
60 	 0.32416684466945433
61 	 0.3276937207716031
62 	 0.3289470649635442
63 	 0.3315493779801131
64 	 0.33260456610651323
65 	 0.3370458174944043
66 	 0.3440995696987019
67 	 0.3485408210865929
68 	 0.3522658532542826
69 	 0.3529167599540738
70 	 0.3529167599540738
71 	 0.3578174174891465
72 	 0.3578174174891465
73 	 0.3584683241889377
74 	 0.35938269947467993
75 	 0.36199741879539693
76 	 0.363823950862571
77 	 0.3681998897300519
78 	 0.36996554628543676
79 	 0.3709452340915892
80 	 0.37153082827097017
81 	 0.37427617263250745
82 	 0.3779989862958867
83 	 0.38309336288787943
84 	 0.38700210585588757
85 	 0.3922271074887006
86 	 0.3922271074887006
87 	 0.3964724213153611
88 	 0.39999929741750995
89 	 0.4020892980706351
90 	 0.40679179954016687
91 	 0.40855523759124124
92 	 0.4103186756423156
93 	 0.4135189891424136
94 	 0.41541305223430824
95 	 0.41985430362219933
96 	 0.42370774232639896
97 	 0.42370774232639896
98 	 0.4242955550100904
99 	 0.43213305745930997
100 	 0.43383118298997414
101 	 0.4371621215308924
102 	 0.43788055925540426
103 	 0.4414727478779632
104 	 0.4459139992658543
105 	 0.4472202496740575
106 	 0.4510083758578469
107 	 0.4510083758578469
108 	 0.45610275244983967
109 	 0.45623337749065995
110 	 0.4569506127748205
111 	 0.4613277540826526
112 	 0.4672699909996262
113 	 0.47079686710177493
114 	 0.47079686710177493
115 	 0.47510749344884573
116 	 0.47510749344884573
117 	 0.47517280596925593
118 	 0.47705476850934947
119 	 0.4798099949183774
0 	 0.010704988033226837
1 	 0.014172816929005294
2 	 0.018606019962104425
3 	 0.025471882959963388
4 	 0.03421571234013332
5 	 0.03846950998514398
6 	 0.05172391023082179
7 	 0.06022612567655583
8 	 0.06383348180540405
9 	 0.07023410880559999
10 	 0.0794915361568016
11 	 0.08348806817557541
12 	 0.08523903795289589
13 	 0.09476361905048358
14 	 0.09968557323729577
15 	 0.10137123049420604
16 	 0.10790248253522228
17 	 0.11776467311715688
18 	 0.12532987860243971
19 	 0.13357030305641626
20 	 0.13447541450061473
21 	 0.1471553073017301
22 	 0.1485921827507536
23 	 0.15342530926110565
24 	 0.15871562341432888
25 	 0.15891156097555936
26 	 0.16753281366970085
27 	 0.17026489264463163
28 	 0.1751743785576898
29 	 0.17909312978229963
30 	 0.18255469336403818
31 	 0.1879756325580817
32 	 0.19268035253192373
33 	 0.20064974595217955
34 	 0.20554470054841545
35 	 0.21424253994978448
36 	 0.22305973020515646
37 	 0.22305973020515646
38 	 0.22495379329705112
39 	 0.23253004566462998
40 	 0.23253004566462998
41 	 0.2356537724575004
42 	 0.23821223494031418
43 	 0.24185846189646587
44 	 0.2438863631520951
45 	 0.2516553399579903
46 	 0.2524390902029122
47 	 0.25791728085346244
48 	 0.2626197823229942
49 	 0.2626197823229942
50 	 0.2674641830201637
51 	 0.27125230920395316
52 	 0.27876324905112193
53 	 0.279220436693993
54 	 0.2861286846571094
55 	 0.29059287630926456
56 	 0.3012208857446347
57 	 0.3012208857446347
58 	 0.3057373199805191
59 	 0.3091890132346745
60 	 0.3139568272246164
61 	 0.3178755784492261
62 	 0.3181368285308668
63 	 0.32244745487793747
64 	 0.32408026788819155
65 	 0.32877415455091874
66 	 0.33107794695187354
67 	 0.3357151359009951
68 	 0.3404550874477362
69 	 0.3483615083513928
70 	 0.3527374472188738
71 	 0.35430134177469064
72 	 0.3575669677951988
73 	 0.36115915641775775
74 	 0.3630532195096525
75 	 0.36429415739744553
76 	 0.37102134699969236
77 	 0.3731113476528175
78 	 0.37964259969383374
79 	 0.3833654133572131
80 	 0.38356135091844357
81 	 0.3857819766123891
82 	 0.39636260491883546
83 	 0.39636260491883546
84 	 0.40459420099482624
85 	 0.40459420099482624
86 	 0.41418996076869374
87 	 0.41418996076869374
88 	 0.4194926812260651
89 	 0.4232206756158705
90 	 0.42398097267434853
91 	 0.4297408807745908
92 	 0.4355412887869473
93 	 0.4355412887869473
94 	 0.44063566537893994
95 	 0.4444891040831396
96 	 0.44776713640779564
97 	 0.4495834806751323
98 	 0.4528615129997884
99 	 0.46056839040818753
100 	 0.46474839171443794
101 	 0.4682099552961766
102 	 0.4682099552961766
103 	 0.4682099552961766
104 	 0.46958151822479
105 	 0.4738921445718608
106 	 0.4739574570922709
107 	 0.47722308311277906
108 	 0.4820562096231311
109 	 0.48290527238846315
110 	 0.48734652377635423
111 	 0.48734652377635423
112 	 0.49087339987850304
113 	 0.49087339987850304
114 	 0.4931593380928587
115 	 0.4968168392358278
116 	 0.496970592368992
117 	 0.5003437153379766
118 	 0.5003437153379766
119 	 0.5023030909502815
0 	 0.005420939194043517
1 	 0.015729632185847442
2 	 0.01928807155195711
3 	 0.020965319051662212
4 	 0.030500947031545933
5 	 0.034680948337796336
6 	 0.04127751289922277
7 	 0.04995339288077261
8 	 0.05281908271491642
9 	 0.05778283426608877
10 	 0.06811027355479782
11 	 0.07072277437120433
12 	 0.07581715096319697
13 	 0.07986652722862708
14 	 0.09488034585906113
15 	 0.1042449686831417
16 	 0.1042449686831417
17 	 0.11371528414261534
18 	 0.11371528414261534
19 	 0.12012397220671456
20 	 0.1267777882246478
21 	 0.1344094827850537
22 	 0.13455803921736043
23 	 0.1428347979179646
24 	 0.14428154369457147
25 	 0.15537702034102618
26 	 0.15759542753066147
27 	 0.16118761615322041
28 	 0.1645896907324026
29 	 0.17053313008972748
30 	 0.17458028785084712
31 	 0.17881794985423494
32 	 0.18196422502074017
33 	 0.18606763961976291
34 	 0.19254123096364184
35 	 0.19673472496101996
36 	 0.19965264386507675
37 	 0.21049452225316378
38 	 0.21767889949828167
39 	 0.2203567128350984
40 	 0.22466733918216908
41 	 0.23101392784877228
42 	 0.23238549077738568
43 	 0.23754517988978852
44 	 0.24440299453285563
45 	 0.24949737112484827
46 	 0.2569970367851996
47 	 0.260208624472115
48 	 0.26824206448256493
49 	 0.2732058160337373
50 	 0.27660206709506574
51 	 0.2829373815748516
52 	 0.2887501958913561
53 	 0.2952814479323723
54 	 0.2967183233813959
55 	 0.3027270752591309
56 	 0.30572840882871144
57 	 0.31036864014711985
58 	 0.31336300782938575
59 	 0.3157795710845618
60 	 0.320492080810695
61 	 0.32459676133993365
62 	 0.3324442720457549
63 	 0.334785514523919
64 	 0.33713676525868497
65 	 0.3435373922588809
66 	 0.34471301762626383
67 	 0.35268114511630366
68 	 0.3560120836572219
69 	 0.3561427086980422
70 	 0.3593430221981402
71 	 0.36234739813700767
72 	 0.3662842294683296
73 	 0.36829083749433256
74 	 0.3716217760352508
75 	 0.3745608394537081
76 	 0.3828555295457988
77 	 0.38631709312753737
78 	 0.3948077207808586
79 	 0.3948077207808586
80 	 0.39519959590331954
81 	 0.40062053509736295
82 	 0.4040167861586914
83 	 0.4095030378731451
84 	 0.4108746008017585
85 	 0.4172752278019545
86 	 0.4172752278019545
87 	 0.4215205416286151
88 	 0.4253086678124045
89 	 0.4253086678124045
90 	 0.4284436687920923
91 	 0.43065567967923324
92 	 0.43295023270039346
93 	 0.43444380586302267
94 	 0.4363464837617219
95 	 0.43784005692435113
96 	 0.4412363079856796
97 	 0.4451636740170939
98 	 0.44868193531243816
99 	 0.44868193531243816
100 	 0.45305787417991905
101 	 0.4563235002004271
102 	 0.45887068849642343
103 	 0.4621363145169316
104 	 0.4621363145169316
105 	 0.4621363145169316
106 	 0.46409050940281005
107 	 0.46951144859685356
108 	 0.46951144859685356
109 	 0.46951144859685356
110 	 0.4731741304662491
111 	 0.47532944363978447
112 	 0.47859506966029264
113 	 0.48277507096654304
114 	 0.48401600885433604
115 	 0.48410444946708997
116 	 0.48929993984078174
117 	 0.490150205046465
118 	 0.49256556586128986
119 	 0.49347994114703214
0 	 0.007901031928877589
1 	 0.017438442949513466
2 	 0.019724381163869098
3 	 0.0239696949905297
4 	 0.031404637084286424
5 	 0.03473819979430326
6 	 0.041138826794499206
7 	 0.04604532688916463
8 	 0.050071481499544324
9 	 0.051199173441974555
10 	 0.06021814381816992
11 	 0.06376623035520013
12 	 0.07180833899842587
13 	 0.08522156515638257
14 	 0.0862260011822863
15 	 0.09680556155200903
16 	 0.09680556155200903
17 	 0.10523263656125303
18 	 0.11858450991625025
19 	 0.12292482082453293
20 	 0.12863457699551206
21 	 0.12980033203531194
22 	 0.13829648477597145
23 	 0.13940127253560586
24 	 0.1534173011273875
25 	 0.158838240321431
26 	 0.16530417984203705
27 	 0.1686382871208919
28 	 0.17270685722097756
29 	 0.17910834330363157
30 	 0.1843986574568548
31 	 0.1914170055061567
32 	 0.19964638307783722
33 	 0.202484506016686
34 	 0.2139498250476628
35 	 0.2139498250476628
36 	 0.22118710850904288
37 	 0.22417818145575819
38 	 0.22979505821103208
39 	 0.23310386629134972
40 	 0.23457617519312624
41 	 0.23980117682593927
42 	 0.2424127809543415
43 	 0.25172294348102386
44 	 0.256738704560454
45 	 0.26289138447116167
46 	 0.2666786139669467
47 	 0.26994423998745487
48 	 0.27425486633452556
49 	 0.2790226803244674
50 	 0.28480561557331474
51 	 0.28480561557331474
52 	 0.2883324916754636
53 	 0.2928031704904147
54 	 0.2963304982331605
55 	 0.3020126875088447
56 	 0.3020126875088447
57 	 0.3082468043748704
58 	 0.30855604010166193
59 	 0.31252800329488084
60 	 0.31541385474472905
61 	 0.32351260727558917
62 	 0.3258638580103551
63 	 0.33134010146820725
64 	 0.3318216756815353
65 	 0.33744150099821313
66 	 0.3418827523861041
67 	 0.3453269890925835
68 	 0.3559249442742891
69 	 0.3615418210295631
70 	 0.36506869713171186
71 	 0.372177753599818
72 	 0.37661900498770906
73 	 0.37831713051837323
74 	 0.3860240079267725
75 	 0.3898480192039119
76 	 0.39050114440801353
77 	 0.39311364522442005
78 	 0.3988905744475745
79 	 0.40098057510069973
80 	 0.4027440131517741
81 	 0.4073158895804855
82 	 0.41051620308058345
83 	 0.4184843305706233
84 	 0.42471395241501597
85 	 0.4287633286804461
86 	 0.43464145551736066
87 	 0.43464145551736066
88 	 0.4441770834972444
89 	 0.4453527088646274
90 	 0.4453527088646274
91 	 0.451230835701542
92 	 0.4567170874159957
93 	 0.45990635403379787
94 	 0.45990635403379787
95 	 0.46148490140593756
96 	 0.46208481464143003
97 	 0.4665260660293211
98 	 0.4697916920498292
99 	 0.4697916920498292
100 	 0.4708366923763918
101 	 0.473710443274439
102 	 0.47749338873180214
103 	 0.47867419482561135
104 	 0.4818040150788728
105 	 0.4824571402829745
106 	 0.4866371415892249
107 	 0.4866371415892249
108 	 0.49375620631393263
109 	 0.4948012066404952
110 	 0.494889647253249
111 	 0.49911183298756595
112 	 0.5009457642854768
113 	 0.5032179069666016
114 	 0.5043368346203789
115 	 0.50877808600827
116 	 0.50877808600827
117 	 0.5135458999982119
118 	 0.5141990252023135
119 	 0.517987151386103
0 	 0.00953562797988372
1 	 0.016066880020899954
2 	 0.021246439944358375
3 	 0.02340175311789372
4 	 0.027960326554452908
5 	 0.03989594171400779
6 	 0.050486578277055716
7 	 0.054169011825452085
8 	 0.05723870028472966
9 	 0.060077510520747945
10 	 0.06770110985450384
11 	 0.0694521416014301
12 	 0.07414958147659012
13 	 0.07984923865079407
14 	 0.08792246221923117
15 	 0.09521564650141545
16 	 0.10390221171596714
17 	 0.10488189952211957
18 	 0.10899658830795977
19 	 0.1277009015506937
20 	 0.1277009015506937
21 	 0.13971840530616364
22 	 0.14071683530637435
23 	 0.14071683530637435
24 	 0.14918872076563716
25 	 0.150187150765848
26 	 0.16426522774738284
27 	 0.16426522774738284
28 	 0.17026771431107823
29 	 0.1724275097579011
30 	 0.17478276203772947
31 	 0.18202092561562044
32 	 0.18555084408705624
33 	 0.1931991097526432
34 	 0.19730405539159857
35 	 0.20814941161253064
36 	 0.20814941161253064
37 	 0.21938316512307865
38 	 0.21984661807998962
39 	 0.23035566855198597
40 	 0.23656035799095143
41 	 0.2384544210828461
42 	 0.24302629751155747
43 	 0.24731899246714184
44 	 0.24731899246714184
45 	 0.25001473719544487
46 	 0.2507984874403668
47 	 0.2556316139507189
48 	 0.26527993557993657
49 	 0.26567181070239754
50 	 0.2707188061654665
51 	 0.27664431413130486
52 	 0.27664431413130486
53 	 0.28254037235970586
54 	 0.28555101361261315
55 	 0.2917315063460524
56 	 0.2975622520540433
57 	 0.30211619709126825
58 	 0.30814288036048965
59 	 0.3142822572790449
60 	 0.31790852403837533
61 	 0.3222324533775983
62 	 0.32441196325666
63 	 0.33036041148676243
64 	 0.33597728824203643
65 	 0.33973418004218703
66 	 0.3430131090548475
67 	 0.3543774876062158
68 	 0.3543774876062158
69 	 0.3586881139532865
70 	 0.3611046772084625
71 	 0.3665909289229162
72 	 0.3713587429128581
73 	 0.3713587429128581
74 	 0.3741671812904951
75 	 0.3782818700763353
76 	 0.37980018248067693
77 	 0.3826578089438162
78 	 0.38331093414791784
79 	 0.38860124830114096
80 	 0.3891312580925256
81 	 0.3967000008320012
82 	 0.3967000008320012
83 	 0.40257812766891576
84 	 0.4075418792200881
85 	 0.4083984516135236
86 	 0.41238251535854353
87 	 0.41342751568510605
88 	 0.41643189162397354
89 	 0.42000326762627693
90 	 0.4266859573283691
91 	 0.43158439635913126
92 	 0.43158439635913126
93 	 0.43158439635913126
94 	 0.44033627409409304
95 	 0.4436019001146012
96 	 0.4436019001146012
97 	 0.44451627540034355
98 	 0.4478472139412618
99 	 0.45137409004341056
100 	 0.4520925277679224
101 	 0.4539865908598171
102 	 0.4553581537884305
103 	 0.460779092982474
104 	 0.4628580467533032
105 	 0.4649590942887244
106 	 0.4705759710439984
107 	 0.47129440876851014
108 	 0.4757246132741052
109 	 0.4811455524681487
110 	 0.48565211637644995
111 	 0.48656649166219224
112 	 0.4892443049990089
113 	 0.4937508689073101
114 	 0.4937508689073101
115 	 0.49701649492781824
116 	 0.5034171219280141
117 	 0.5034171219280141
118 	 0.5048007854084287
119 	 0.5048007854084287
0 	 0.014172816929005294
1 	 0.014172816929005294
2 	 0.026190320684475243
3 	 0.029586571745803703
4 	 0.03817239098719216
5 	 0.03990594997060937
6 	 0.044703643028208395
7 	 0.05235761422034535
8 	 0.06032310407568986
9 	 0.06437248034111986
10 	 0.0653521681472723
11 	 0.07555590088155639
12 	 0.07794681922897684
13 	 0.08317182086178987
14 	 0.09056447758374153
15 	 0.10055729320649642
16 	 0.100818543288137
17 	 0.10612216043351252
18 	 0.11312300642154782
19 	 0.1166938309880513
20 	 0.1191317582992828
21 	 0.12484548973517362
22 	 0.13146252166465133
23 	 0.13399730365649964
24 	 0.14229439179613668
25 	 0.14855633269160906
26 	 0.15024205191812523
27 	 0.1527478539492596
28 	 0.15809196067149278
29 	 0.16815008881465776
30 	 0.1731791528862403
31 	 0.17807759191700256
32 	 0.18238821826407325
33 	 0.20061146512801376
34 	 0.20264720014302462
35 	 0.20264720014302462
36 	 0.21444606608663286
37 	 0.21444606608663286
38 	 0.22038589950993082
39 	 0.22301409509225767
40 	 0.23122777789801774
41 	 0.23122777789801774
42 	 0.23307222323542276
43 	 0.24286549536292024
44 	 0.24724143423040112
45 	 0.25291375317850195
46 	 0.2530421597150121
47 	 0.25944278671520804
48 	 0.26396143945540274
49 	 0.26760685176647836
50 	 0.2755749792565182
51 	 0.2774811311803065
52 	 0.2842233828603973
53 	 0.28859932172787817
54 	 0.2892275145265524
55 	 0.2984365799043853
56 	 0.30085314315956135
57 	 0.30595739007913736
58 	 0.3158750228538988
59 	 0.31633221049676996
60 	 0.3214265870887626
61 	 0.3286109643338805
62 	 0.3333383982088396
63 	 0.338759337402883
64 	 0.34378840147446554
65 	 0.3457477770867704
66 	 0.3520581591611289
67 	 0.35482621742378306
68 	 0.3580669110388638
69 	 0.36612528345474116
70 	 0.3713502850875542
71 	 0.3713502850875542
72 	 0.38173497583277005
73 	 0.3823227885164615
74 	 0.3865027898227119
75 	 0.3926421667412672
76 	 0.3977365433332599
77 	 0.3977365433332599
78 	 0.4046596704967371
79 	 0.40844779668052655
80 	 0.41075686298722613
81 	 0.41837529978287125
82 	 0.41837529978287125
83 	 0.420661237997227
84 	 0.42431873914019613
85 	 0.4290212406097278
86 	 0.4313724913444936
87 	 0.4345074923241815
88 	 0.4345074923241815
89 	 0.43803436842633026
90 	 0.4386874936304319
91 	 0.4428674949366823
92 	 0.4461331209571904
93 	 0.4500518721818002
94 	 0.45057437234508146
95 	 0.4541012484472302
96 	 0.45899968747799247
97 	 0.4597181252025042
98 	 0.46363687642711404
99 	 0.46931906570279813
100 	 0.46931906570279813
101 	 0.4725846917233063
102 	 0.47349906700904854
103 	 0.476895318070377
104 	 0.48336125759098314
105 	 0.48336125759098314
106 	 0.48336125759098314
107 	 0.48662688361149126
108 	 0.48675750865231154
109 	 0.4900231346728197
110 	 0.4936806358157888
111 	 0.4943337610198904
112 	 0.4943337610198904
113 	 0.4978606371220392
114 	 0.4990362624894221
115 	 0.502563138591571
116 	 0.5067431398978213
117 	 0.5077881402243839
118 	 0.5110537662448921
119 	 0.5110537662448921
0 	 0.01005812814316509
1 	 0.013639631532722185
2 	 0.01778187689308819
3 	 0.023839069949709413
4 	 0.028541571419241074
5 	 0.035649950910947026
6 	 0.045700202175884774
7 	 0.04687582754326769
8 	 0.04985032441447801
9 	 0.05745645584971404
10 	 0.06170176967637464
11 	 0.06936808278411488
12 	 0.07687902263128354
13 	 0.08448515406651969
14 	 0.08775159499244645
15 	 0.0970251579852709
16 	 0.0983967209138843
17 	 0.10401441257457689
18 	 0.10793316379918672
19 	 0.11264375255554937
20 	 0.12313851278100074
21 	 0.12641654510565692
22 	 0.1321640469017512
23 	 0.13614989368752328
24 	 0.14098123715712318
25 	 0.14887342886335686
26 	 0.1574399923004841
27 	 0.1616853061271447
28 	 0.16850083539840643
29 	 0.1730372783743649
30 	 0.18662228261967873
31 	 0.19047572132387836
32 	 0.19674572328325401
33 	 0.20053384946704345
34 	 0.21039604004897794
35 	 0.21600841418222072
36 	 0.22626608582064323
37 	 0.22626608582064323
38 	 0.23671337984024654
39 	 0.2388677963257776
40 	 0.2529753007343728
41 	 0.2570246769998028
42 	 0.2571553020406232
43 	 0.2583962399284162
44 	 0.26362124156122924
45 	 0.2679971804287101
46 	 0.27315686954111296
47 	 0.27354874466357393
48 	 0.27759812092900404
49 	 0.2824965599597663
50 	 0.28465187313330165
51 	 0.2884399993170911
52 	 0.29020343736816545
53 	 0.30267812876650646
54 	 0.30267812876650646
55 	 0.30581312974619435
56 	 0.3109728188585972
57 	 0.3203125092772504
58 	 0.3203125092772504
59 	 0.32370876033857887
60 	 0.32710501139990733
61 	 0.3301118621410367
62 	 0.3330509255594941
63 	 0.33807998963107666
64 	 0.340486544629651
65 	 0.3459828046007063
66 	 0.3491053225215306
67 	 0.3516649938763904
68 	 0.3516649938763904
69 	 0.35669405794797293
70 	 0.35792498757916447
71 	 0.36243155148746564
72 	 0.37340405491637296
73 	 0.37503686792662705
74 	 0.3828090578554364
75 	 0.387054371682097
76 	 0.3889453924047047
77 	 0.3920150808639823
78 	 0.39613281201910955
79 	 0.3993984380396177
80 	 0.40344781430504784
81 	 0.4054071899173527
82 	 0.41141594179508767
83 	 0.4152040679788771
84 	 0.41846969399938516
85 	 0.42820125954049937
86 	 0.43127094799977705
87 	 0.43127094799977705
88 	 0.43317711164347283
89 	 0.43708376231628154
90 	 0.44408430255196996
91 	 0.4478724287357594
92 	 0.4478724287357594
93 	 0.45139930483790813
94 	 0.45427305573595533
95 	 0.4577999318381041
96 	 0.4588449321646667
97 	 0.46237180826681545
98 	 0.4628943084300968
99 	 0.4658986843689643
100 	 0.46929493543029277
101 	 0.46929493543029277
102 	 0.4729524365732618
103 	 0.47523837478761755
104 	 0.47647931267541066
105 	 0.47889587593058663
106 	 0.48288215817991703
107 	 0.4864090342820658
108 	 0.486474346802476
109 	 0.4908797130970169
110 	 0.4908797130970169
111 	 0.49398528664964464
112 	 0.49398528664964464
113 	 0.49406897971481906
114 	 0.4948637768420368
115 	 0.49849185055794587
116 	 0.49913866565641424
117 	 0.5015146070415777
118 	 0.5042687797811003
119 	 0.5060211709498789
0 	 0.009796878061524406
1 	 0.011067695016974577
2 	 0.01717719286787278
3 	 0.022859382143556872
4 	 0.027888446215139417
5 	 0.038373040486638144
6 	 0.042912544413787224
7 	 0.05679117124230404
8 	 0.0614936727118357
9 	 0.06828368140058749
10 	 0.07830124524309345
11 	 0.07839893026506617
12 	 0.08809812330461786
13 	 0.09057999908020398
14 	 0.1058631288561821
15 	 0.1058631288561821
16 	 0.10873061444018961
17 	 0.11748875748919096
18 	 0.12509492378333098
19 	 0.1301201811158751
20 	 0.13753343594107137
21 	 0.1441953130229079
22 	 0.1459632333472698
23 	 0.148244689288338
24 	 0.15789749319084323
25 	 0.16470792670498646
26 	 0.17338822660549846
27 	 0.17494167217033807
28 	 0.18233604190169073
29 	 0.18757692988770447
30 	 0.19147074870688685
31 	 0.19695700042134046
32 	 0.19834888358899794
33 	 0.20355595383032465
34 	 0.20559857335452603
35 	 0.21433013085044372
36 	 0.21433013085044372
37 	 0.2158526390589216
38 	 0.22225326605911744
39 	 0.22382076654896144
40 	 0.23333846313735884
41 	 0.23739715598747058
42 	 0.23888001911562096
43 	 0.2439090831872035
44 	 0.25306284430122794
45 	 0.2623925264632796
46 	 0.266182046096866
47 	 0.2748686113114176
48 	 0.2804854880666916
49 	 0.28293559853409944
50 	 0.2890749754526547
51 	 0.28995580352616523
52 	 0.29505018011815787
53 	 0.29998216636115194
54 	 0.30383560506535146
55 	 0.30661911103756123
56 	 0.31230130031324543
57 	 0.31230130031324543
58 	 0.3170940467086145
59 	 0.32039143803730097
60 	 0.3215017508842738
61 	 0.3271839401599579
62 	 0.3273145652007782
63 	 0.331233316425388
64 	 0.3328008169152319
65 	 0.33769925594599404
66 	 0.34292425757880707
67 	 0.34325082018085795
68 	 0.34710425888505747
69 	 0.3492595720585928
70 	 0.3567051993853514
71 	 0.36134238833447296
72 	 0.366567389967286
73 	 0.37100864135517697
74 	 0.376625518110451
75 	 0.376625518110451
76 	 0.379042081365627
77 	 0.38550802088623315
78 	 0.38550802088623315
79 	 0.39391011436409373
80 	 0.39497833634570667
81 	 0.39497833634570667
82 	 0.3997229286805981
83 	 0.40386254987186565
84 	 0.4079251395357445
85 	 0.40979427022221204
86 	 0.41231823686315794
87 	 0.4187538045253827
88 	 0.4198944892307368
89 	 0.42399201955664456
90 	 0.42633005689296155
91 	 0.4316103627895832
92 	 0.43265536311614583
93 	 0.4355944265346031
94 	 0.4372272395448572
95 	 0.43783827388359897
96 	 0.44241015031231035
97 	 0.4476351519451234
98 	 0.4498978685044288
99 	 0.451880465771784
100 	 0.4554073418739327
101 	 0.45936818396390233
102 	 0.4630256851068715
103 	 0.46487765733340636
104 	 0.4696875621887081
105 	 0.47465131373988045
106 	 0.47465131373988045
107 	 0.47465131373988045
108 	 0.47635935793344275
109 	 0.48020287797474426
110 	 0.48020287797474426
111 	 0.48476145141130333
112 	 0.48476145141130333
113 	 0.4901170780849367
114 	 0.4901170780849367
115 	 0.4901170780849367
116 	 0.4937745792279058
117 	 0.4937745792279058
118 	 0.4937745792279058
119 	 0.49651770508513265
0 	 0.015087192214747525
1 	 0.015609692378028894
2 	 0.017558988663412767
3 	 0.02898867973519126
4 	 0.02898867973519126
5 	 0.039514074848148395
6 	 0.043356828319346175
7 	 0.05021464296241329
8 	 0.052448172393670944
9 	 0.06087348752658195
10 	 0.06355130086339855
11 	 0.0714541158330283
12 	 0.0714541158330283
13 	 0.07922802683298391
14 	 0.0816060742439132
15 	 0.08992687387610232
16 	 0.09717656364163041
17 	 0.10481812852961947
18 	 0.10795312950930724
19 	 0.11481094415237436
20 	 0.1268284479078443
21 	 0.13172688693860646
22 	 0.1324453246631182
23 	 0.13755210755925917
24 	 0.14060938971438852
25 	 0.14714064175540487
26 	 0.15301876859231944
27 	 0.15530470680667519
28 	 0.15986328024323426
29 	 0.1694899300398286
30 	 0.17685783854202886
31 	 0.1833890905830451
32 	 0.18913659237913938
33 	 0.18939784246078006
34 	 0.19769253255287067
35 	 0.2031654812751721
36 	 0.20943548323454775
37 	 0.2119505950238897
38 	 0.21590142275515378
39 	 0.21936298633689244
40 	 0.22281992151929697
41 	 0.23027017724538956
42 	 0.23664286459749762
43 	 0.2422876810008595
44 	 0.24518636430433405
45 	 0.2556184361784736
46 	 0.2556184361784736
47 	 0.26574187684204875
48 	 0.26574187684204875
49 	 0.270640315872811
50 	 0.27474499640204975
51 	 0.2830247623453147
52 	 0.2830247623453147
53 	 0.2830247623453147
54 	 0.2904953220775004
55 	 0.2904953220775004
56 	 0.2933590647189461
57 	 0.2949918777292001
58 	 0.29797132126264025
59 	 0.30346967352889487
60 	 0.30481818321778464
61 	 0.31030443493223825
62 	 0.31498251784748754
63 	 0.3165091243712037
64 	 0.32329040775791607
65 	 0.32890728451319007
66 	 0.33422623257928374
67 	 0.33422623257928374
68 	 0.33896541265635505
69 	 0.34490805849949013
70 	 0.3548245147195389
71 	 0.3548245147195389
72 	 0.35695498968202033
73 	 0.3643895701264829
74 	 0.36835525332673846
75 	 0.37184624433553737
76 	 0.37739780857040117
77 	 0.38141775740877104
78 	 0.3873611967660958
79 	 0.39146727074513143
80 	 0.3933046361234206
81 	 0.3958432096126123
82 	 0.39924807548074537
83 	 0.4045950873475742
84 	 0.40688102556192984
85 	 0.4107344642661295
86 	 0.4132816525621258
87 	 0.4171350912663254
88 	 0.42797696965441234
89 	 0.42797696965441234
90 	 0.4329407212055848
91 	 0.4345735342158388
92 	 0.4345735342158388
93 	 0.4397985358486518
94 	 0.4424763491854685
95 	 0.44470907543121496
96 	 0.4527957274102742
97 	 0.4527957274102742
98 	 0.4582819791247279
99 	 0.4582819791247279
100 	 0.46324573067590025
101 	 0.46482533171754503
102 	 0.46907064554420563
103 	 0.47154042076799085
104 	 0.4737610464619364
105 	 0.4791940862077808
106 	 0.4791940862077808
107 	 0.4832966744418201
108 	 0.4832966744418201
109 	 0.4836353375956719
110 	 0.48734605070725023
111 	 0.49198323965637175
112 	 0.49596730340139167
113 	 0.49596730340139167
114 	 0.496097928442212
115 	 0.49748159192262636
116 	 0.5006708585404283
117 	 0.5014656556676462
118 	 0.5032290937187207
119 	 0.5072131574637406
0 	 0.01051531578603615
1 	 0.01195219123505975
2 	 0.024100320031349987
3 	 0.028019071255959815
4 	 0.03344001045000322
5 	 0.03747937587433692
6 	 0.03964469988896868
7 	 0.051074390960747174
8 	 0.05786689308340409
9 	 0.05904251845078701
10 	 0.0690353340735419
11 	 0.07210502253281958
12 	 0.08072627522696096
13 	 0.08210707753536883
14 	 0.09320096662530208
15 	 0.09590371236754602
16 	 0.10521847038077203
17 	 0.10575020992384776
18 	 0.11083534713604593
19 	 0.11638691137090984
20 	 0.12435503886094967
21 	 0.13036379073868465
22 	 0.13846254326954477
23 	 0.14153223172882246
24 	 0.14590817059630334
25 	 0.15472536085167532
26 	 0.16112598785187116
27 	 0.16393442622950816
28 	 0.17072692835216507
29 	 0.17399255437267325
30 	 0.17673568022990005
31 	 0.18626062297678203
32 	 0.18626062297678203
33 	 0.18953693423029194
34 	 0.1991925020179942
35 	 0.2036990659262955
36 	 0.2036990659262955
37 	 0.20716062950803404
38 	 0.2092506301611593
39 	 0.21375719406946048
40 	 0.22040906289469542
41 	 0.221986571641141
42 	 0.22445843916012553
43 	 0.2265180679548694
44 	 0.22739750257858282
45 	 0.23144687884401294
46 	 0.23242656665016537
47 	 0.23784750584420888
48 	 0.23961094389528326
49 	 0.24307250747702192
50 	 0.24575032081383852
51 	 0.24849344667106543
52 	 0.2518243852119837
53 	 0.25254282293649544
54 	 0.25371844830387835
55 	 0.2589434499366914
56 	 0.26338470132458247
57 	 0.2672381400287821
58 	 0.2740896893578093
59 	 0.2744225172739
60 	 0.2787331436209707
61 	 0.28350095761091254
62 	 0.29069774116017844
63 	 0.29069774116017844
64 	 0.29543521745448587
65 	 0.30143770401818115
66 	 0.30542176776320107
67 	 0.3107120819164242
68 	 0.3166667954605664
69 	 0.3218444159644558
70 	 0.32463492295060625
71 	 0.33162336263449366
72 	 0.33619523906320503
73 	 0.3371096143489474
74 	 0.3399180527265844
75 	 0.3437033885419064
76 	 0.35103263908041704
77 	 0.35103263908041704
78 	 0.35533402604769304
79 	 0.35533402604769304
80 	 0.3587302771090215
81 	 0.3598387824534929
82 	 0.3655209717291771
83 	 0.3655209717291771
84 	 0.3741982975639342
85 	 0.3752525372702913
86 	 0.38014173692125897
87 	 0.3855626761153025
88 	 0.38569330115612277
89 	 0.39074729763313254
90 	 0.39603761178635577
91 	 0.39817723193425836
92 	 0.4061188680218645
93 	 0.4061188680218645
94 	 0.4114611917033456
95 	 0.41519730835887714
96 	 0.4174046310606704
97 	 0.4246543208261985
98 	 0.4255686961119407
99 	 0.4288343221324489
100 	 0.43498700204315643
101 	 0.44014669115555927
102 	 0.44014669115555927
103 	 0.44761249154872074
104 	 0.44888526589836875
105 	 0.451367141673955
106 	 0.4540449550107716
107 	 0.45874745648030335
108 	 0.45874745648030335
109 	 0.46423370819475696
110 	 0.4651480834804993
111 	 0.47148339796028504
112 	 0.4723977732460273
113 	 0.47540214918489476
114 	 0.4765038472250629
115 	 0.47677371211350816
116 	 0.4805618382972976
117 	 0.4817374636646806
118 	 0.48408871439944645
119 	 0.48819478837848196
0 	 0.010704988033226837
1 	 0.010704988033226837
2 	 0.01626503608644081
3 	 0.02366401798417661
4 	 0.031409057003248475
5 	 0.04068343490149151
6 	 0.046692186779226486
7 	 0.05375220429756389
8 	 0.05884658088955652
9 	 0.062412183959031586
10 	 0.06826451234923558
11 	 0.07805068039445473
12 	 0.08221777796339291
13 	 0.09430059423927306
14 	 0.1013525634028184
15 	 0.10409747230079747
16 	 0.11604339822181742
17 	 0.12312065964093222
18 	 0.1259709013241621
19 	 0.13640271503781287
20 	 0.14521990529318474
21 	 0.1487467813953336
22 	 0.15378711965373348
23 	 0.1596048205300612
24 	 0.16525487108854287
25 	 0.17063262822277703
26 	 0.17619749544979313
27 	 0.1818582004379511
28 	 0.18793555957164698
29 	 0.1939011293895725
30 	 0.19719663447773772
31 	 0.20557482664221405
32 	 0.208561013029106
33 	 0.21598939645508708
34 	 0.22023471028174768
35 	 0.22611283711866237
36 	 0.23055408850655335
37 	 0.23747721567003066
38 	 0.23891409111905426
39 	 0.24549272428899405
40 	 0.24980335063606485
41 	 0.25515897730969817
42 	 0.26157684821067173
43 	 0.2714390387926062
44 	 0.275601796198079
45 	 0.278804584500439
46 	 0.28324336108606807
47 	 0.2895786755658538
48 	 0.29062367589241644
49 	 0.2970896154130226
50 	 0.3025783419297382
51 	 0.30478787801461715
52 	 0.3101222404273978
53 	 0.3123099074708524
54 	 0.3195272433664612
55 	 0.32132056048519286
56 	 0.32569897415493576
57 	 0.32857272505298285
58 	 0.33392587692435427
59 	 0.33830181579183516
60 	 0.340653066526601
61 	 0.3477068187308986
62 	 0.35234400768002017
63 	 0.35234400768002017
64 	 0.35920182232308717
65 	 0.3600508850884193
66 	 0.3616183855782632
67 	 0.36501463663959166
68 	 0.3684108877009201
69 	 0.37200307632347906
70 	 0.375595264946038
71 	 0.37912214104818676
72 	 0.38240017337284293
73 	 0.3838899550381287
74 	 0.38837304015722784
75 	 0.3910214260669844
76 	 0.39742205306718037
77 	 0.4036143362019978
78 	 0.4036143362019978
79 	 0.4079249625490685
80 	 0.41197433881449863
81 	 0.41197433881449863
82 	 0.41197433881449863
83 	 0.42288152972299575
84 	 0.4265390308659649
85 	 0.4265390308659649
86 	 0.4308496572130356
87 	 0.43163340745795753
88 	 0.43412768953769176
89 	 0.4366624715295401
90 	 0.43994050385419614
91 	 0.4417568481215328
92 	 0.4464838564470136
93 	 0.4468104190490644
94 	 0.45157823303900624
95 	 0.45157823303900624
96 	 0.45562760930443635
97 	 0.45837073516166316
98 	 0.46274667402914405
99 	 0.46581636248842173
100 	 0.46581636248842173
101 	 0.4665348002129335
102 	 0.47091073908041436
103 	 0.4762010532336376
104 	 0.4762010532336376
105 	 0.4762010532336376
106 	 0.477726369295415
107 	 0.4799260854013272
108 	 0.4799260854013272
109 	 0.4842998057644977
110 	 0.4842998057644977
111 	 0.48782668186664657
112 	 0.48782668186664657
113 	 0.4886757446319786
114 	 0.4907004327646937
115 	 0.4907004327646937
116 	 0.4933129335811002
117 	 0.4934031785069376
118 	 0.49768887244858107
119 	 0.49843224257852015
0 	 0.01528312977597801
1 	 0.01962363519070598
2 	 0.02155313173535367
3 	 0.02995541971965965
4 	 0.03740104704641811
5 	 0.03868420591747157
6 	 0.0437064824585468
7 	 0.051407610975404805
8 	 0.057546471471461524
9 	 0.06234397002261516
10 	 0.07198680379614719
11 	 0.07798929035984248
12 	 0.08988744326130949
13 	 0.09272669831748881
14 	 0.09814763751153233
15 	 0.11068544001563185
16 	 0.1143052892015376
17 	 0.1143052892015376
18 	 0.12145172631509504
19 	 0.12605710396707048
20 	 0.12931466892367538
21 	 0.138870305643633
22 	 0.15764486310579762
23 	 0.15764486310579762
24 	 0.1630358446326866
25 	 0.16975080747402138
26 	 0.17149111743275214
27 	 0.1774345567900769
28 	 0.1774345567900769
29 	 0.18426249236548675
30 	 0.18951737306595695
31 	 0.19565674998451232
32 	 0.19663643779066475
33 	 0.20656394089300945
34 	 0.20656394089300945
35 	 0.21250738025033422
36 	 0.2198876950566826
37 	 0.2241983214037534
38 	 0.23014676963385583
39 	 0.23595457507758266
40 	 0.2390264820411706
41 	 0.2419683358280953
42 	 0.24758020371059153
43 	 0.25653023751109416
44 	 0.25653023751109416
45 	 0.26139108679534084
46 	 0.26228052967565585
47 	 0.2696608444820042
48 	 0.2716855326147193
49 	 0.27262484030588885
50 	 0.2820298432449523
51 	 0.2871242198369449
52 	 0.2871242198369449
53 	 0.29078393948422443
54 	 0.29078393948422443
55 	 0.2958783160762172
56 	 0.2999821715509424
57 	 0.3042361001844075
58 	 0.31200189381072263
59 	 0.3242784291435229
60 	 0.3242784291435229
61 	 0.3244743667047534
62 	 0.3300912434600274
63 	 0.33505499501119973
64 	 0.3356428076948912
65 	 0.3414556220113957
66 	 0.346419373562568
67 	 0.3506646873892286
68 	 0.3533425007260452
69 	 0.35726125195065506
70 	 0.35726125195065506
71 	 0.35876343992008874
72 	 0.3623556285426477
73 	 0.36562125456315586
74 	 0.3720218815633518
75 	 0.3734587570123753
76 	 0.3734587570123753
77 	 0.3818187596248761
78 	 0.3818187596248761
79 	 0.3834515726351302
80 	 0.3907012624006583
81 	 0.39102782500270905
82 	 0.39540376387018994
83 	 0.39677532679880334
84 	 0.4072906425848396
85 	 0.4072906425848396
86 	 0.4087953053565353
87 	 0.41199314405437126
88 	 0.4154547076361099
89 	 0.41722036419149466
90 	 0.417479395768825
91 	 0.42159630305897555
92 	 0.4253822107384546
93 	 0.4291072429061442
94 	 0.43341565074890465
95 	 0.435050682263469
96 	 0.43857755836561785
97 	 0.4389007000230071
98 	 0.44386787251884097
99 	 0.44386787251884097
100 	 0.44497476442115214
101 	 0.4502684995190369
102 	 0.4502684995190369
103 	 0.45379537562118566
104 	 0.45575475123349063
105 	 0.4592816273356394
106 	 0.4592816273356394
107 	 0.4592816273356394
108 	 0.4592816273356394
109 	 0.4633310036010695
110 	 0.46359225368271006
111 	 0.46359225368271006
112 	 0.4679913206425349
113 	 0.4708308965659421
114 	 0.4723019469896056
115 	 0.4763513232550357
116 	 0.4804006995204657
117 	 0.4804006995204657
118 	 0.4835899661382677
119 	 0.4843847632654857
0 	 0.010704988033226837
1 	 0.015146239421117924
2 	 0.01697947226589014
3 	 0.02168197373542191
4 	 0.027883901972245773
5 	 0.03814865290964331
6 	 0.045449465850681325
7 	 0.04957834398142169
8 	 0.05158884276923659
9 	 0.057466969606151164
10 	 0.06360634652470654
11 	 0.06922322327998054
12 	 0.08006971821992415
13 	 0.08574729094375166
14 	 0.08935410437476887
15 	 0.09946513873419616
16 	 0.1032432566613839
17 	 0.10840226879738657
18 	 0.12068169961089736
19 	 0.12319971976818056
20 	 0.12739095782165777
21 	 0.14874815199578095
22 	 0.15222764696900593
23 	 0.15856296144879167
24 	 0.16496358844898762
25 	 0.16496358844898762
26 	 0.16894765219400754
27 	 0.17438053906422168
28 	 0.17960554069703472
29 	 0.19396234751109986
30 	 0.1944084882716749
31 	 0.1987954740214518
32 	 0.2003629745112958
33 	 0.21065337446231913
34 	 0.21457212568692885
35 	 0.21489868828897962
36 	 0.21935098655916674
37 	 0.22064619008507402
38 	 0.22647005128387443
39 	 0.22862536445740989
40 	 0.23293599080448057
41 	 0.23737724219237166
42 	 0.24286349390682527
43 	 0.2437778691925676
44 	 0.2492641209070212
45 	 0.25247570859393664
46 	 0.254815685141885
47 	 0.2588763355941326
48 	 0.26175121860951023
49 	 0.26402722532198
50 	 0.2709503524854572
51 	 0.2773509794856531
52 	 0.2801029047274354
53 	 0.2842853808359478
54 	 0.29027217329386346
55 	 0.2961615743175956
56 	 0.29792442341485437
57 	 0.306350327501581
58 	 0.309691951275501
59 	 0.3124300682599501
60 	 0.31248469554735847
61 	 0.31934693010938764
62 	 0.3280988078443495
63 	 0.33398820886808156
64 	 0.33836414773556245
65 	 0.343393211807145
66 	 0.343393211807145
67 	 0.3482803766510897
68 	 0.35481162869210603
69 	 0.3555300664166178
70 	 0.3605591304882003
71 	 0.3640319682567563
72 	 0.37474322160402296
73 	 0.37480853412443316
74 	 0.3784660352674023
75 	 0.38473603722677785
76 	 0.38975441606535866
77 	 0.38975441606535866
78 	 0.3988328564023712
79 	 0.4035602902773302
80 	 0.40379660795354355
81 	 0.4165574818389526
82 	 0.421586545910535
83 	 0.421586545910535
84 	 0.4221090460738164
85 	 0.42276217127791804
86 	 0.4275299852678599
87 	 0.43223248673739156
88 	 0.4347744943069616
89 	 0.4429437400846582
90 	 0.44633999114598666
91 	 0.44633999114598666
92 	 0.4502587423705965
93 	 0.45365499343192495
94 	 0.4584228074218668
95 	 0.4585534324626871
96 	 0.46229432623277855
97 	 0.46351718401385944
98 	 0.46639093491190664
99 	 0.46775388303371546
100 	 0.47225924450166534
101 	 0.47787612125693935
102 	 0.4816642474407288
103 	 0.4816642474407288
104 	 0.48466862337959626
105 	 0.4858442487469792
106 	 0.4873105516230629
107 	 0.49057617764357103
108 	 0.4943348764003003
109 	 0.49593180431720435
110 	 0.49945868041935315
111 	 0.5024630563582206
112 	 0.5066789427578211
113 	 0.508275870674725
114 	 0.510663006502841
115 	 0.5120998819518645
116 	 0.5173543110117377
117 	 0.5193085058976163
118 	 0.5228353819997651
119 	 0.5263622581019138
0 	 0.012540003918751208
1 	 0.016066880020899954
2 	 0.01822219319443541
3 	 0.022859382143556872
4 	 0.029565875671705544
5 	 0.033244072888772735
6 	 0.04446192221827272
7 	 0.04791869390696124
8 	 0.05373630011651587
9 	 0.058177551504406955
10 	 0.06515985019818593
11 	 0.08305720186171672
12 	 0.08305720186171672
13 	 0.08945782886191267
14 	 0.08945782886191267
15 	 0.10408156811974933
16 	 0.10408156811974933
17 	 0.10859439734209031
18 	 0.11891377556689608
19 	 0.12217940158740415
20 	 0.1255693873346928
21 	 0.1385012663759051
22 	 0.1385012663759051
23 	 0.14766328257490635
24 	 0.14934941007803182
25 	 0.15760372005513956
26 	 0.16811277052713602
27 	 0.17821127878528398
28 	 0.1795137862509254
29 	 0.19002283672292186
30 	 0.19045657808680294
31 	 0.1906929711975659
32 	 0.20155970655653055
33 	 0.2039840032035205
34 	 0.20922693622781985
35 	 0.21321099997283977
36 	 0.21608475087088697
37 	 0.22379162827928611
38 	 0.22777569202430603
39 	 0.22777569202430603
40 	 0.2311719430856345
41 	 0.24250290478447611
42 	 0.24706781795073152
43 	 0.24821851091268698
44 	 0.2579166596012745
45 	 0.25860320165790285
46 	 0.26415476589276665
47 	 0.2653219068130501
48 	 0.26833476719901705
49 	 0.2731025811889589
50 	 0.27718385312227245
51 	 0.2814540993543603
52 	 0.290989727334244
53 	 0.30052535531412783
54 	 0.30052535531412783
55 	 0.3108844157055001
56 	 0.3108844157055001
57 	 0.3170144849407287
58 	 0.3222806899247518
59 	 0.32828944180248676
60 	 0.33691069449662814
61 	 0.3390927762193764
62 	 0.34412184029095894
63 	 0.34804059151556865
64 	 0.3505610112623522
65 	 0.35656615720606
66 	 0.3614949707200622
67 	 0.3640421590160585
68 	 0.3690408486044011
69 	 0.3739696621184032
70 	 0.3751452874857861
71 	 0.37906403871039585
72 	 0.3840277902615683
73 	 0.3884037291290492
74 	 0.3908023609927388
75 	 0.3934327932006316
76 	 0.39707236295211445
77 	 0.40445267775846283
78 	 0.40445267775846283
79 	 0.40719580361568963
80 	 0.41150642996276043
81 	 0.41657758489970265
82 	 0.4188635231140583
83 	 0.4220217457487966
84 	 0.42725035331563643
85 	 0.42809581014694165
86 	 0.43671706284108314
87 	 0.43937165452284943
88 	 0.4472323786271193
89 	 0.4492338451047839
90 	 0.45226144269870183
91 	 0.4549813469008782
92 	 0.45870416056425756
93 	 0.46040228609492173
94 	 0.4665416630134771
95 	 0.4683271202792505
96 	 0.47267983749168113
97 	 0.473748059473294
98 	 0.4762067135938299
99 	 0.47999604221797054
100 	 0.4806710930740647
101 	 0.48587296661453394
102 	 0.4874306226624332
103 	 0.48874671751258114
104 	 0.4925348436963706
105 	 0.4925348436963706
106 	 0.49684547004344126
107 	 0.5005029711864104
108 	 0.5008837994265755
109 	 0.5040298472885592
110 	 0.5051944257736463
111 	 0.5074803639880019
112 	 0.5110072400901506
113 	 0.513946303508608
114 	 0.513946303508608
115 	 0.5161669292025535
116 	 0.5177344296923974
117 	 0.5193019301822412
118 	 0.5193019301822412
119 	 0.5230900563660308
0 	 0.01005812814316509
1 	 0.011233753510548006
2 	 0.015013818630434161
3 	 0.023185944745607756
4 	 0.02880282150088176
5 	 0.035391324998404916
6 	 0.03937538874342483
7 	 0.045051312705069124
8 	 0.05543600345028499
9 	 0.0566832066521179
10 	 0.07358927911076674
11 	 0.07463427943732936
12 	 0.08012053115178297
13 	 0.08652115815197892
14 	 0.09474972081824085
15 	 0.10017066001228425
16 	 0.10780235457269027
17 	 0.11047838486875483
18 	 0.11348454384837436
19 	 0.12137735056140242
20 	 0.1271348606140984
21 	 0.13340486257347406
22 	 0.1424833029104866
23 	 0.14614080405345575
24 	 0.14894924243109275
25 	 0.16194643399271502
26 	 0.16338330944173862
27 	 0.16965331140111428
28 	 0.17402925026859517
29 	 0.1805605023096114
30 	 0.18382612833011958
31 	 0.18937769256498338
32 	 0.18937769256498338
33 	 0.19832550786117564
34 	 0.19877643019000701
35 	 0.20204832152455487
36 	 0.20648957291244596
37 	 0.21223080939450045
38 	 0.22366676578031874
39 	 0.22377933420974572
40 	 0.2288513872981488
41 	 0.23854622913648216
42 	 0.24072647471544484
43 	 0.24742873191226422
44 	 0.2623449189712087
45 	 0.2623449189712087
46 	 0.26456554466515414
47 	 0.27100655178033295
48 	 0.27448678245345914
49 	 0.27873209628011963
50 	 0.2799481017624855
51 	 0.28552459840277655
52 	 0.2934927258928164
53 	 0.29484562173004225
54 	 0.3010711967647056
55 	 0.3041853121486956
56 	 0.31019001721670103
57 	 0.31347877132955304
58 	 0.3229259586966827
59 	 0.3236443964211946
60 	 0.3286081479723669
61 	 0.33128596130918353
62 	 0.33528300999139793
63 	 0.3425980122773362
64 	 0.34788832643055934
65 	 0.34788832643055934
66 	 0.35010724137412796
67 	 0.35840193146621857
68 	 0.35840193146621857
69 	 0.3637592688902289
70 	 0.3637592688902289
71 	 0.3692455206046825
72 	 0.3721192715027297
73 	 0.3764952103702106
74 	 0.3768217729722614
75 	 0.3808711492376915
76 	 0.38583490078886384
77 	 0.38988427705429396
78 	 0.39158240258495813
79 	 0.3952399037279273
80 	 0.3974605294218728
81 	 0.4034039687791976
82 	 0.4064736572384752
83 	 0.40856245545124925
84 	 0.4150295974122066
85 	 0.41535616001425735
86 	 0.4205811616470704
87 	 0.4205811616470704
88 	 0.4254796006778325
89 	 0.42815741401464924
90 	 0.43083522735146584
91 	 0.4345580410148452
92 	 0.44095866801504113
93 	 0.44095866801504113
94 	 0.44631429468867445
95 	 0.4489255930647297
96 	 0.44892679550508097
97 	 0.45355536964739784
98 	 0.45479630753519096
99 	 0.45761215827928137
100 	 0.4596947465659532
101 	 0.46348287274974265
102 	 0.4640780977998874
103 	 0.4670171612183448
104 	 0.4726266256071654
105 	 0.4766106893521853
106 	 0.4766106893521853
107 	 0.4783088148828495
108 	 0.4792885026890019
109 	 0.48568912968919786
110 	 0.4868647550565808
111 	 0.49065288124037026
112 	 0.49065288124037026
113 	 0.49437569490374955
114 	 0.4947675700262105
115 	 0.49718413328138655
116 	 0.5033235101999418
117 	 0.5033235101999418
118 	 0.5053481983326569
119 	 0.5053481983326569
0 	 0.008741866893865358
1 	 0.01488124639691546
2 	 0.01563957144568595
3 	 0.024557507674221157
4 	 0.030806816143993387
5 	 0.04027713160346691
6 	 0.04661244608325266
7 	 0.05124404411023997
8 	 0.05751963699174989
9 	 0.0630464530068624
10 	 0.06846739220090592
11 	 0.07365182953306004
12 	 0.08484388427681533
13 	 0.08484388427681533
14 	 0.08815120906411611
15 	 0.09235482412398399
16 	 0.09960451388951208
17 	 0.1094316446773631
18 	 0.11635477184084031
19 	 0.12262477380021597
20 	 0.12783568478770357
21 	 0.1363162438204144
22 	 0.13893392536324733
23 	 0.14385842891676748
24 	 0.15025905591696342
25 	 0.16129200438734248
26 	 0.16926531260380873
27 	 0.17343259435842306
28 	 0.182641659736256
29 	 0.19208408056818638
30 	 0.19864322723674588
31 	 0.2052397917981722
32 	 0.20782463205123192
33 	 0.21445107568031563
34 	 0.22504297817357943
35 	 0.2305696100030159
36 	 0.23498628421193724
37 	 0.23677429944198136
38 	 0.2416727384727435
39 	 0.2460486773402244
40 	 0.2552919737304592
41 	 0.261657167277902
42 	 0.26771450272491204
43 	 0.27449595796527293
44 	 0.2781633035501867
45 	 0.28606611851981645
46 	 0.28606611851981645
47 	 0.29566705902011037
48 	 0.29566705902011037
49 	 0.30039449289506936
50 	 0.30716206261229895
51 	 0.30872956310214283
52 	 0.3138239396941356
53 	 0.32368613027607007
54 	 0.32368613027607007
55 	 0.33380957093964536
56 	 0.34249613615419694
57 	 0.34249613615419694
58 	 0.34915283250960716
59 	 0.35640770300156155
60 	 0.3626639094277062
61 	 0.3669230187875978
62 	 0.3713590894490624
63 	 0.37463712177371866
64 	 0.37620462226356255
65 	 0.38195212405965684
66 	 0.38619743788631744
67 	 0.39038261991899426
68 	 0.39188480788842794
69 	 0.3983507474090341
70 	 0.40050606058256943
71 	 0.402726686276515
72 	 0.4081476254705585
73 	 0.41030293864409384
74 	 0.41572387783813736
75 	 0.4193813789811064
76 	 0.4193813789811064
77 	 0.4289823194814003
78 	 0.4289823194814003
79 	 0.4334888833897016
80 	 0.43429756604005076
81 	 0.43675450941020966
82 	 0.43997975531573486
83 	 0.44592319467305974
84 	 0.4497680185704547
85 	 0.45010319597931014
86 	 0.4555155203665491
87 	 0.4590423964686978
88 	 0.4590423964686978
89 	 0.4623080224892059
90 	 0.4675330241220189
91 	 0.4675330241220189
92 	 0.4675330241220189
93 	 0.47256208819360146
94 	 0.4731499008772929
95 	 0.4731499008772929
96 	 0.4776564647855942
97 	 0.4795799553045489
98 	 0.4816405285306141
99 	 0.4862124049593255
100 	 0.4862124049593255
101 	 0.487649280408349
102 	 0.49163334415336896
103 	 0.4948989701738771
104 	 0.496858345786182
105 	 0.4989483464393072
106 	 0.5001239718066901
107 	 0.500907722051612
108 	 0.5041733480721202
109 	 0.5080267867763197
110 	 0.5080267867763197
111 	 0.5112924127968279
112 	 0.5112924127968279
113 	 0.5137974166647576
114 	 0.5137974166647576
115 	 0.5137974166647576
116 	 0.5155377266234884
117 	 0.5173242927669065
118 	 0.5189992902052272
119 	 0.5207858563486452
0 	 0.014697535596596922
1 	 0.014697535596596922
2 	 0.018204091459701588
3 	 0.02434346837825685
4 	 0.030682558214833344
5 	 0.036699371156471594
6 	 0.042775654058927026
7 	 0.05576216038754778
8 	 0.0641141019361453
9 	 0.06872654266551559
10 	 0.07542385320010514
11 	 0.08000968153522292
12 	 0.0892106858491526
13 	 0.09449510915987258
14 	 0.10185143574106692
15 	 0.10256987346557866
16 	 0.10837124255448427
17 	 0.11376819352337375
18 	 0.11524379716070099
19 	 0.12166511765050025
20 	 0.12694474657072174
21 	 0.1332800610505075
22 	 0.14112204577301446
23 	 0.14690621855029584
24 	 0.1538913696760662
25 	 0.15698672291864446
26 	 0.15883712734193656
27 	 0.16425806653598007
28 	 0.16977796866243466
29 	 0.17663756634625383
30 	 0.18538944408121572
31 	 0.18842697764135985
32 	 0.1937219988696639
33 	 0.20556922984720383
34 	 0.21118610660247783
35 	 0.21353735733724366
36 	 0.21530093331733635
37 	 0.22093007844774004
38 	 0.22432519739173784
39 	 0.2282550889902798
40 	 0.23928289668299574
41 	 0.24044611574623065
42 	 0.24522633604032051
43 	 0.26130449024803803
44 	 0.26130449024803803
45 	 0.27070949318710147
46 	 0.27070949318710147
47 	 0.27541199465663313
48 	 0.27959199596288353
49 	 0.28023271486283696
50 	 0.28551635995221136
51 	 0.2910869995550722
52 	 0.29192365601625614
53 	 0.29944700216757303
54 	 0.30506387892284703
55 	 0.3108766932393515
56 	 0.31727732023954747
57 	 0.3208695088621064
58 	 0.3251801352091771
59 	 0.3283804487092751
60 	 0.335293705545169
61 	 0.3435329534444328
62 	 0.3554752743519093
63 	 0.3607002759847223
64 	 0.3607002759847223
65 	 0.36435777712769135
66 	 0.365402777454254
67 	 0.3676234031481995
68 	 0.3695827787605044
69 	 0.3749384054341377
70 	 0.37546090559741907
71 	 0.38127371991392345
72 	 0.3832330955262284
73 	 0.3833637205670487
74 	 0.3889805973223227
75 	 0.39283403602652234
76 	 0.3962955996082609
77 	 0.39786310009810477
78 	 0.4047862272615821
79 	 0.4104684165372662
80 	 0.4104684165372662
81 	 0.4128849797924422
82 	 0.4198081069559194
83 	 0.42098373232330233
84 	 0.42222467021109544
85 	 0.4269924842010373
86 	 0.43084592290523693
87 	 0.4354831118543585
88 	 0.4371159248646126
89 	 0.44305936422193737
90 	 0.45292155480387186
91 	 0.45292155480387186
92 	 0.45318280488551255
93 	 0.4578853063550443
94 	 0.4578853063550443
95 	 0.4621306201817048
96 	 0.46311030798785724
97 	 0.4663759340083654
98 	 0.46735562181451784
99 	 0.47160093564117844
100 	 0.47160093564117844
101 	 0.4753237493045577
102 	 0.47570700962021406
103 	 0.47578093694742885
104 	 0.4794384380903979
105 	 0.4828296802789487
106 	 0.48876951370224664
107 	 0.4888434410294613
108 	 0.492949515008497
109 	 0.5007217049373064
110 	 0.5007217049373064
111 	 0.5017013927434588
112 	 0.5042485810394551
113 	 0.505358893886428
114 	 0.5066900767000584
115 	 0.5130004587744169
116 	 0.5130004587744169
117 	 0.517595463295472
118 	 0.5187909730826508
119 	 0.5199235859378941
0 	 0.008817190255371976
1 	 0.011690941153419065
2 	 0.01730781790869307
3 	 0.01991225766119631
4 	 0.026312884661392255
5 	 0.036117823786819936
6 	 0.04054923107005559
7 	 0.04826595258311017
8 	 0.05747501796094312
9 	 0.060087518777349636
10 	 0.06570439553262364
11 	 0.06974571073415037
12 	 0.08288158840049642
13 	 0.08640846450264517
14 	 0.09456446849001221
15 	 0.09973443717062869
16 	 0.10156096923780289
17 	 0.10801884769450576
18 	 0.11376634949060005
19 	 0.1138319333226222
20 	 0.12442035138135976
21 	 0.12774322885837486
22 	 0.13670132372278077
23 	 0.1466919208412253
24 	 0.154466329274345
25 	 0.154466329274345
26 	 0.15543533184749547
27 	 0.1640672697746388
28 	 0.16792070847883844
29 	 0.178566649305695
30 	 0.18091568153615045
31 	 0.1862628414810923
32 	 0.19253284344046784
33 	 0.19756190751205038
34 	 0.19783384282669292
35 	 0.20337472182855487
36 	 0.20651039978464292
37 	 0.21735227817272995
38 	 0.22204147665010943
39 	 0.22204147665010943
40 	 0.22852071916286776
41 	 0.23439884599978233
42 	 0.23852943388472736
43 	 0.2436891229971302
44 	 0.24470753899158615
45 	 0.24982849991568545
46 	 0.252032549534126
47 	 0.2613517306488522
48 	 0.2655970444755128
49 	 0.27062610854709535
50 	 0.27219360903693923
51 	 0.2827089248229754
52 	 0.2838845501903583
53 	 0.287634440976568
54 	 0.2892268738718393
55 	 0.3001091323749091
56 	 0.3001091323749091
57 	 0.3001091323749091
58 	 0.3006565649436177
59 	 0.30650975937510505
60 	 0.30699187942340356
61 	 0.3148946943930332
62 	 0.31521765106105715
63 	 0.32129532139322914
64 	 0.3245609474137372
65 	 0.32795719847506566
66 	 0.33096157441393315
67 	 0.33683970125084783
68 	 0.341277346704712
69 	 0.34865766151106037
70 	 0.34865766151106037
71 	 0.35022516200090437
72 	 0.35322953793977174
73 	 0.35878110217463566
74 	 0.36152422803186246
75 	 0.3638754787666283
76 	 0.37001485568518355
77 	 0.3760236075629185
78 	 0.3760236075629185
79 	 0.38045679788690634
80 	 0.3839836739890551
81 	 0.38536329798157176
82 	 0.38876389428314495
83 	 0.38894742554022743
84 	 0.3947726461608799
85 	 0.39836483478343887
86 	 0.39836483478343887
87 	 0.40287139869174005
88 	 0.4078227439387645
89 	 0.40850752679414404
90 	 0.41266827675326445
91 	 0.42050800942670186
92 	 0.42050800942670186
93 	 0.4256676985391047
94 	 0.42801671904965266
95 	 0.4336890379977538
96 	 0.44016707807016076
97 	 0.44348591605927823
98 	 0.44486957953969253
99 	 0.45321748160039244
100 	 0.4566137326617209
101 	 0.4566137326617209
102 	 0.46164279673330344
103 	 0.46272988792522574
104 	 0.46272988792522574
105 	 0.4650390477946319
106 	 0.46802020207844885
107 	 0.46802020207844885
108 	 0.47206957834387897
109 	 0.47363707883372286
110 	 0.4790580180277664
111 	 0.48251958160950503
112 	 0.48630770779329446
113 	 0.48630770779329446
114 	 0.48650364535452495
115 	 0.4902917715383144
116 	 0.4914020843852871
117 	 0.4954514606507172
118 	 0.4986517741508152
119 	 0.5037461507428078
0 	 0.01574031741884918
1 	 0.01574031741884918
2 	 0.027170008490627673
3 	 0.03448501077656585
4 	 0.038593434248366365
5 	 0.04402063875644957
6 	 0.04989876559336426
7 	 0.05929750321838789
8 	 0.06511031753489238
9 	 0.0723194950474797
10 	 0.07520081817961988
11 	 0.07520081817961988
12 	 0.08081769493489377
13 	 0.08552019640442554
14 	 0.08922507867631835
15 	 0.09557832454759052
16 	 0.09947540143815203
17 	 0.10276091875195636
18 	 0.10792108398505806
19 	 0.11870522208682788
20 	 0.1252738470001663
21 	 0.1317080960105813
22 	 0.1321316616432333
23 	 0.1423857273476289
24 	 0.1466310411742895
25 	 0.15263352773798478
26 	 0.1619079056362278
27 	 0.1662185319832986
28 	 0.17210793300703064
29 	 0.17615730927246076
30 	 0.17993213246409778
31 	 0.1839294992012701
32 	 0.1894157509157237
33 	 0.1939876273444351
34 	 0.20006169174258026
35 	 0.20842169435508107
36 	 0.21168732037558913
37 	 0.21397325858994487
38 	 0.22292107388613713
39 	 0.2255876130361364
40 	 0.23160763910068882
41 	 0.24087133176593012
42 	 0.24087133176593012
43 	 0.2503523324584055
44 	 0.26693102740958496
45 	 0.2694782157055813
46 	 0.2760094677465976
47 	 0.28391228271622726
48 	 0.2840070226636976
49 	 0.2890719718286301
50 	 0.2999791627371272
51 	 0.3051682792765903
52 	 0.3086657279516789
53 	 0.30971072827824153
54 	 0.3146744798294139
55 	 0.31924635625812525
56 	 0.3229985973485646
57 	 0.32835422402219794
58 	 0.3312881067142289
59 	 0.33507623289801836
60 	 0.33507623289801836
61 	 0.3371714142775699
62 	 0.34630998640856636
63 	 0.34630998640856636
64 	 0.34819074650830883
65 	 0.35617735771692727
66 	 0.35617735771692727
67 	 0.3596909308269237
68 	 0.3602787435106152
69 	 0.36765905831696355
70 	 0.3683245898252132
71 	 0.37307999751100707
72 	 0.37471281052126104
73 	 0.37661927991730393
74 	 0.3810605313051949
75 	 0.38484865748898434
76 	 0.3853711576522657
77 	 0.39295432984521916
78 	 0.3931558736823544
79 	 0.396975765174322
80 	 0.4023967043683655
81 	 0.4071113063896983
82 	 0.41121389462373736
83 	 0.41456934002060475
84 	 0.4153355032349524
85 	 0.42317818641059834
86 	 0.42743590654140673
87 	 0.4293175633291536
88 	 0.4305585012169467
89 	 0.43277912691089226
90 	 0.43402006479868527
91 	 0.4388531913090373
92 	 0.4388531913090373
93 	 0.44544975587046376
94 	 0.44544975587046376
95 	 0.4560303841769101
96 	 0.4560303841769101
97 	 0.4560303841769101
98 	 0.4560303841769101
99 	 0.45726411264782774
100 	 0.4632039460711257
101 	 0.4632039460711257
102 	 0.4632039460711257
103 	 0.46816769762229804
104 	 0.47228238640813824
105 	 0.4746336371429041
106 	 0.4746336371429041
107 	 0.47861991939223425
108 	 0.48260398313725417
109 	 0.48260398313725417
110 	 0.48580429663735214
111 	 0.48580429663735214
112 	 0.48848210997416885
113 	 0.4922702361579583
114 	 0.4922702361579583
115 	 0.496580862505029
116 	 0.4969074251070798
117 	 0.5006955512908693
118 	 0.5006955512908693
119 	 0.5031370469514727
0 	 0.010704988033226837
1 	 0.014096819175593356
2 	 0.019380868014776675
3 	 0.022722491788696786
4 	 0.028143430982740303
5 	 0.03505212738615926
6 	 0.05176586729712107
7 	 0.05176586729712107
8 	 0.05620711868501216
9 	 0.06175868291987596
10 	 0.07018399805278697
11 	 0.07220868618550202
12 	 0.07815212812732142
13 	 0.08298525463767348
14 	 0.09186775482896092
15 	 0.09735400912790926
16 	 0.10133807028843456
17 	 0.10488564246468135
18 	 0.1092508960991605
19 	 0.11578214814017673
20 	 0.12269526446255774
21 	 0.13112058217996336
22 	 0.13582308364949502
23 	 0.1453693968623807
24 	 0.14738339717759918
25 	 0.15456777442271707
26 	 0.15725627557703026
27 	 0.16326502745476523
28 	 0.16835999041607885
29 	 0.17201248268627023
30 	 0.1781518596048256
31 	 0.18429123652338086
32 	 0.18732555374045334
33 	 0.1915459351616866
34 	 0.2016593675686602
35 	 0.2016593675686602
36 	 0.2055161454656126
37 	 0.20668843164024275
38 	 0.21374218384454036
39 	 0.21779156010997036
40 	 0.2230165617427834
41 	 0.22615156272247117
42 	 0.23216031460020614
43 	 0.23353187752881954
44 	 0.2364878122888009
45 	 0.24247969282501192
46 	 0.24613440359951355
47 	 0.2520828518296161
48 	 0.2576344160644799
49 	 0.26109597964621856
50 	 0.2647062483754896
51 	 0.2690821872429705
52 	 0.27422157774435085
53 	 0.2793812668567538
54 	 0.2852063187203774
55 	 0.2893740824795087
56 	 0.29649536570852675
57 	 0.2996303666882145
58 	 0.3068147439333324
59 	 0.3068147439333324
60 	 0.3123663081681962
61 	 0.3140813113652212
62 	 0.3211169834628067
63 	 0.3251010472078266
64 	 0.32758412542376414
65 	 0.33313568965862794
66 	 0.3353034091363113
67 	 0.3449043496366052
68 	 0.3449043496366052
69 	 0.3535243998903953
70 	 0.35411221257408676
71 	 0.3624069026661775
72 	 0.36539454965390994
73 	 0.368660175674418
74 	 0.3700305361626801
75 	 0.37342678722400857
76 	 0.3776721010506692
77 	 0.38032669273243536
78 	 0.3833792227317805
79 	 0.38753429163260367
80 	 0.3909958552143423
81 	 0.39602491928592487
82 	 0.3998130454697143
83 	 0.4039698251209143
84 	 0.4084342981638558
85 	 0.4123530493884655
86 	 0.4167943007763566
87 	 0.4210396146030171
88 	 0.4243954855493627
89 	 0.4243954855493627
90 	 0.4267871163991115
91 	 0.4282489242535622
92 	 0.4326248631210432
93 	 0.43340861336596515
94 	 0.4366742393864732
95 	 0.4408542406927236
96 	 0.44150736589682527
97 	 0.4422911161417472
98 	 0.44581799224389596
99 	 0.4509123688358887
100 	 0.45188687591561494
101 	 0.4550923701421391
102 	 0.4563986205503423
103 	 0.45992549665249116
104 	 0.46149299714233505
105 	 0.46573313024256946
106 	 0.4678231308956946
107 	 0.47174188212030443
108 	 0.4719292048747301
109 	 0.47532545593605857
110 	 0.47677094619188687
111 	 0.4842732712322508
112 	 0.4842732712322508
113 	 0.4844778236002861
114 	 0.4885838975793215
115 	 0.4885838975793215
116 	 0.4917893918058459
117 	 0.49374358669172436
118 	 0.49374358669172436
119 	 0.495446892948815
0 	 0.009796878061524406
1 	 0.01528312977597801
2 	 0.01861406831689638
3 	 0.02867219646006136
4 	 0.029650101225461745
5 	 0.039056887205277224
6 	 0.03938344980732811
7 	 0.05050051096342245
8 	 0.05701783031807195
9 	 0.06453098866955098
10 	 0.0725674027457558
11 	 0.085951276859774
12 	 0.08850770453556478
13 	 0.09476846711514597
14 	 0.10547972046241261
15 	 0.12102707438578608
16 	 0.12429270040629425
17 	 0.12859224319352858
18 	 0.13800832969242838
19 	 0.13800832969242838
20 	 0.14258020612113975
21 	 0.14575336808275063
22 	 0.15700426487518404
23 	 0.16245508313688484
24 	 0.16245508313688484
25 	 0.16663508444313524
26 	 0.1776998671165142
27 	 0.17933046162245803
28 	 0.18276963280197445
29 	 0.18903013086693932
30 	 0.19532298307072116
31 	 0.20077380133242184
32 	 0.2074065628558126
33 	 0.2085635833423557
34 	 0.21435835393713865
35 	 0.21989252844097107
36 	 0.22388826239422976
37 	 0.22785843742670076
38 	 0.2326915639370527
39 	 0.23698141840448217
40 	 0.24396075090035363
41 	 0.2582287594174263
42 	 0.258490009499067
43 	 0.2609718852746532
44 	 0.26580501178500515
45 	 0.2689422312690032
46 	 0.27566720236693976
47 	 0.2789917446053637
48 	 0.281800736725902
49 	 0.29399347440390433
50 	 0.29921847603671736
51 	 0.30352910238378805
52 	 0.3056191030369132
53 	 0.3212941079353523
54 	 0.3212941079353523
55 	 0.3212941079353523
56 	 0.32749879737431775
57 	 0.32749879737431775
58 	 0.33579348746640836
59 	 0.33598942502763884
60 	 0.33742630047666244
61 	 0.3410838016196316
62 	 0.3451984904054718
63 	 0.3504234920382848
64 	 0.35532193106904697
65 	 0.35638082010815886
66 	 0.3636166211611377
67 	 0.36831912263066935
68 	 0.36831912263066935
69 	 0.37374006182471287
70 	 0.37374006182471287
71 	 0.3798280149354072
72 	 0.3798280149354072
73 	 0.38309364095591536
74 	 0.386214753223054
75 	 0.39178020617046694
76 	 0.3961561450379478
77 	 0.3961561450379478
78 	 0.3990321144403054
79 	 0.4005320839054287
80 	 0.4071961794915757
81 	 0.4071961794915757
82 	 0.4102005554304432
83 	 0.4143805567366936
84 	 0.4182339954408931
85 	 0.4216955590226318
86 	 0.4216955590226318
87 	 0.42607149789011267
88 	 0.42607149789011267
89 	 0.4311005619616952
90 	 0.4311005619616952
91 	 0.4341049379005627
92 	 0.4384155642476334
93 	 0.4384155642476334
94 	 0.4396332804803762
95 	 0.44070150246198914
96 	 0.44618775417644274
97 	 0.44749400458464605
98 	 0.4496493177581814
99 	 0.45618056979919763
100 	 0.45755213272781103
101 	 0.45755213272781103
102 	 0.46277713436062407
103 	 0.4664999480240033
104 	 0.47028807420779273
105 	 0.47538245079978547
106 	 0.4775325832468945
107 	 0.4796277646264461
108 	 0.4838077659326965
109 	 0.4873346420348452
110 	 0.4873346420348452
111 	 0.4911880807390448
112 	 0.49412714415750214
113 	 0.49510683196365457
114 	 0.49850308302498303
115 	 0.5023565217291825
116 	 0.5032055844945147
117 	 0.5071243357191245
118 	 0.5071243357191245
119 	 0.5113043370253749
0 	 0.009666253020704119
1 	 0.010776565867676835
2 	 0.01985322316393734
3 	 0.0259926000824926
4 	 0.03148063483769836
5 	 0.03324228984802069
6 	 0.03787947879714226
7 	 0.04388823067487724
8 	 0.05303376657305203
9 	 0.057736268042583805
10 	 0.06472470772647121
11 	 0.06472470772647121
12 	 0.07014564692051461
13 	 0.07687283652276145
14 	 0.07987721246162893
15 	 0.08653730650271341
16 	 0.0908479328497841
17 	 0.09522387171726499
18 	 0.10272854625039396
19 	 0.10848231336052805
20 	 0.11859685183185353
21 	 0.1236962633496026
22 	 0.12414841606671734
23 	 0.13140074271045532
24 	 0.13962183309668064
25 	 0.14353818627374382
26 	 0.14452027212744278
27 	 0.1491550630290177
28 	 0.1611096523116241
29 	 0.16698777914853868
30 	 0.17038403020986714
31 	 0.1750754847971029
32 	 0.17913590794482903
33 	 0.1838384094143607
34 	 0.18826861391995575
35 	 0.20121780515750354
36 	 0.2021912276496164
37 	 0.2103552927008867
38 	 0.21845404523174683
39 	 0.2192827877580349
40 	 0.2269267414935815
41 	 0.2303409239463965
42 	 0.23262686216075212
43 	 0.24163998997735459
44 	 0.24432907750098853
45 	 0.25252924949436517
46 	 0.2534864885770213
47 	 0.26624753816051216
48 	 0.26624753816051216
49 	 0.26702862902542135
50 	 0.26984333271709804
51 	 0.2733702088192468
52 	 0.28081223021197843
53 	 0.28402578691821523
54 	 0.2903090918697431
55 	 0.29239047771606375
56 	 0.2993609860084646
57 	 0.3070678634168639
58 	 0.3084394263454773
59 	 0.31581974115182565
60 	 0.3181709918865915
61 	 0.3238531811622757
62 	 0.3307109958053427
63 	 0.33396331883369845
64 	 0.33396331883369845
65 	 0.33815662313210126
66 	 0.3419314463237383
67 	 0.3486586359259851
68 	 0.3548101133963414
69 	 0.35518988796700135
70 	 0.36624100690847117
71 	 0.37341208116143665
72 	 0.37341208116143665
73 	 0.3769389572635855
74 	 0.3777396164346867
75 	 0.3809252395129158
76 	 0.3878461481720826
77 	 0.3918324304214129
78 	 0.395098056441921
79 	 0.40131086814661243
80 	 0.4026339286945172
81 	 0.4037262289614372
82 	 0.40465343610080584
83 	 0.40666649482024575
84 	 0.4112551813886587
85 	 0.4138676822050652
86 	 0.4159460534449153
87 	 0.4193539339195188
88 	 0.4259453177545188
89 	 0.429210943775027
90 	 0.43269099107534414
91 	 0.43881706500174733
92 	 0.4437808165529197
93 	 0.4457350114387981
94 	 0.4480665104945629
95 	 0.44904619830071535
96 	 0.4559942578696201
97 	 0.4559942578696201
98 	 0.4601742591758705
99 	 0.46396238535965995
100 	 0.4648767606454022
101 	 0.46801176162508995
102 	 0.4697751996761643
103 	 0.47362863838036395
104 	 0.4746377536135764
105 	 0.4770248894416924
106 	 0.4788657405649779
107 	 0.4827191792691775
108 	 0.4860674446853549
109 	 0.48645931980781587
110 	 0.4918802590018594
111 	 0.49426739482997534
112 	 0.4951458850223675
113 	 0.49844739613622574
114 	 0.4993258863286179
115 	 0.5030486999919972
116 	 0.5065102635737357
117 	 0.5065102635737357
118 	 0.510595524932516
119 	 0.5110821400024472
0 	 0.008176471355418324
1 	 0.011690941153419065
2 	 0.014956567173927238
3 	 0.02077110256157788
4 	 0.02592907060283456
5 	 0.037097511592972365
6 	 0.039199918550245516
7 	 0.0464372020116256
8 	 0.052903141532231746
9 	 0.06114492540806016
10 	 0.06466553619616933
11 	 0.07194642368116433
12 	 0.08093461909233945
13 	 0.08810659003330934
14 	 0.09189471621709877
15 	 0.09504899237691766
16 	 0.10454741378518384
17 	 0.11022960306086793
18 	 0.11832835559172816
19 	 0.12472898259192411
20 	 0.12914696562765204
21 	 0.1376608616331363
22 	 0.1417274817993439
23 	 0.14961305286819604
24 	 0.16180322583273343
25 	 0.16837499012669033
26 	 0.16837499012669033
27 	 0.17302697108667975
28 	 0.17902945765037503
29 	 0.18543008465057098
30 	 0.19508154566040714
31 	 0.19508154566040714
32 	 0.20017592225239977
33 	 0.20598873656890426
34 	 0.21028091657484604
35 	 0.21756606319668137
36 	 0.22629314066417372
37 	 0.22731747614529685
38 	 0.23047314197042412
39 	 0.2361553312461082
40 	 0.24033533255235862
41 	 0.2500539943561607
42 	 0.2597683159964974
43 	 0.26225413268070896
44 	 0.26363779616112326
45 	 0.2687853847217252
46 	 0.27459305568925296
47 	 0.2811243077302692
48 	 0.2811243077302692
49 	 0.28308368334257406
50 	 0.29196618611835623
51 	 0.29432871103993963
52 	 0.298301500598142
53 	 0.30777447543762826
54 	 0.312868852029621
55 	 0.3131954146316718
56 	 0.3141751024378242
57 	 0.3226657300911454
58 	 0.3241679180605791
59 	 0.32482104326468075
60 	 0.3301113574179039
61 	 0.33448729628538487
62 	 0.3410185483264011
63 	 0.34461073694896005
64 	 0.3466354250816751
65 	 0.35022761370423405
66 	 0.355452615337047
67 	 0.35897949143919583
68 	 0.3622451174597039
69 	 0.3647269932352901
70 	 0.36570668104144255
71 	 0.37008261990892344
72 	 0.37694043455199056
73 	 0.37961824788880716
74 	 0.3822307487052137
75 	 0.3858229373277726
76 	 0.38693325017474545
77 	 0.3905254387973044
78 	 0.39686075327709014
79 	 0.3986917223528851
80 	 0.4046982557263097
81 	 0.4052882869143115
82 	 0.4103804450019938
83 	 0.4139726336245527
84 	 0.4182832599716235
85 	 0.4230510739615654
86 	 0.42455326193099907
87 	 0.4325236079253494
88 	 0.43391788475507975
89 	 0.4378139220785725
90 	 0.4416900746838891
91 	 0.44303670520707505
92 	 0.44698038883711233
93 	 0.4481310817990678
94 	 0.4530544532352574
95 	 0.4551217399872657
96 	 0.45801820478642985
97 	 0.4618063309702193
98 	 0.4658557072356493
99 	 0.4658557072356493
100 	 0.46650883243975094
101 	 0.46944789585820823
102 	 0.4731707095215876
103 	 0.47356619057807536
104 	 0.47565480380148406
105 	 0.4795060240013733
106 	 0.4815307121340884
107 	 0.48871508937920627
108 	 0.4889785579651572
109 	 0.49583415410391396
110 	 0.49629356025109544
111 	 0.49982043635324425
112 	 0.5032819999349829
113 	 0.5045882503431861
114 	 0.5048495004248268
115 	 0.5118379401087141
116 	 0.5118379401087141
117 	 0.5118379401087141
118 	 0.5118379401087141
119 	 0.5137921349945928
0 	 0.012082816275880037
1 	 0.023469528119938854
2 	 0.024100320031349987
3 	 0.031021664154075146
4 	 0.03509515675294783
5 	 0.04494928627097905
6 	 0.05500741441414403
7 	 0.05500741441414403
8 	 0.06467188439409588
9 	 0.06783676444144093
10 	 0.07150914878522485
11 	 0.08041220181294506
12 	 0.08705174560209139
13 	 0.0955423732554126
14 	 0.09867737423510037
15 	 0.10226329754361951
16 	 0.10893143993949594
17 	 0.11879363052143044
18 	 0.1235551791973325
19 	 0.12820085196480424
20 	 0.13002738403197844
21 	 0.13466679148541028
22 	 0.13949991799576233
23 	 0.14772929556744285
24 	 0.15491367281256074
25 	 0.1556974230574827
26 	 0.16392458212485284
27 	 0.1699986465229979
28 	 0.1774989011371647
29 	 0.1774989011371647
30 	 0.18593490150307768
31 	 0.1871673726621792
32 	 0.19343515611724438
33 	 0.2017298462093351
34 	 0.2017298462093351
35 	 0.21217984947496116
36 	 0.21217984947496116
37 	 0.21544547549546922
38 	 0.2203376492121918
39 	 0.22641171361033685
40 	 0.23014079258775577
41 	 0.23085923031226763
42 	 0.2336636218801753
43 	 0.23875577996785757
44 	 0.24221734354959623
45 	 0.24633829764947612
46 	 0.2546379966143445
47 	 0.2550861285747087
48 	 0.26064674849207947
49 	 0.2641758430985386
50 	 0.26815768833924825
51 	 0.27743428474180165
52 	 0.27743428474180165
53 	 0.28181022360928254
54 	 0.28181022360928254
55 	 0.28729647532373614
56 	 0.29179303097543574
57 	 0.2951892820367642
58 	 0.2995652209042452
59 	 0.30465959749623783
60 	 0.30465959749623783
61 	 0.3080558485575663
62 	 0.3179194325892979
63 	 0.3208484877511536
64 	 0.3261388019043767
65 	 0.33123317849636946
66 	 0.3346294295576979
67 	 0.3351519297209792
68 	 0.3399184881901426
69 	 0.34164280164701255
70 	 0.34612317762910805
71 	 0.3465163082723475
72 	 0.3503326063624185
73 	 0.3585338120278174
74 	 0.3624426929248441
75 	 0.3664920691902742
76 	 0.37008425781283316
77 	 0.37609300969056814
78 	 0.37739926009877134
79 	 0.3794892607518966
80 	 0.38118738628256077
81 	 0.3842211896484883
82 	 0.3842211896484883
83 	 0.38879306607719966
84 	 0.38879306607719966
85 	 0.3921893171385281
86 	 0.3945111404462339
87 	 0.39862582923207424
88 	 0.3990177043545352
89 	 0.4007811424056096
90 	 0.4058755189976022
91 	 0.4062673941200632
92 	 0.40992489526303233
93 	 0.41684802242650953
94 	 0.4204402110490685
95 	 0.42383646211039694
96 	 0.42782052585541686
97 	 0.4354620907434059
98 	 0.4354620907434059
99 	 0.43918490440678515
100 	 0.43918490440678515
101 	 0.4468917818151844
102 	 0.4468917818151844
103 	 0.4468917818151844
104 	 0.4507452205193839
105 	 0.45466397174399376
106 	 0.45466397174399376
107 	 0.45466397174399376
108 	 0.4584520979277832
109 	 0.4584520979277832
110 	 0.45903991061147464
111 	 0.45903991061147464
112 	 0.4628280367952641
113 	 0.46739991322397545
114 	 0.4709267893261242
115 	 0.47184116461186654
116 	 0.475237415673195
117 	 0.47739272884673034
118 	 0.4779805415304218
119 	 0.4791561668978047
0 	 0.009796878061524406
1 	 0.009796878061524406
2 	 0.01776500555156424
3 	 0.02344719482724833
4 	 0.03294940595460516
5 	 0.03588846937306256
6 	 0.037445284629904596
7 	 0.042940438536608005
8 	 0.047697567293548127
9 	 0.0507478283586964
10 	 0.05570351884596547
11 	 0.06650757317167488
12 	 0.07003444927382374
13 	 0.0807394373070508
14 	 0.08427555278899401
15 	 0.08987512910057005
16 	 0.09774604840231649
17 	 0.11222007214474916
18 	 0.12489070110432077
19 	 0.1264371984434245
20 	 0.13793220203561318
21 	 0.13793220203561318
22 	 0.14153566484498947
23 	 0.1496441463397724
24 	 0.15010355248695373
25 	 0.15506508553381582
26 	 0.16133508749319148
27 	 0.16527799819167444
28 	 0.1734179037690715
29 	 0.1774041860184017
30 	 0.18143474252998548
31 	 0.18731375772925996
32 	 0.18923015411384503
33 	 0.19273469692330347
34 	 0.19737188587242505
35 	 0.1995925115663706
36 	 0.21094421167808108
37 	 0.2145793795283597
38 	 0.22672750832464994
39 	 0.2291137707917641
40 	 0.23332407288607637
41 	 0.23470487519448435
42 	 0.23698157402904552
43 	 0.2469183165111848
44 	 0.2469183165111848
45 	 0.2518325196378991
46 	 0.25823314663809505
47 	 0.264230851633534
48 	 0.26925991570511654
49 	 0.2724825502743279
50 	 0.2776725401747927
51 	 0.28404286638692666
52 	 0.28523774566007554
53 	 0.29265307219877223
54 	 0.29634087412980326
55 	 0.29634087412980326
56 	 0.3071284868797761
57 	 0.3142365047221878
58 	 0.3181552559467975
59 	 0.3181552559467975
60 	 0.31940724071688664
61 	 0.32469755487010976
62 	 0.33030338474308774
63 	 0.33030338474308774
64 	 0.33461401109015854
65 	 0.33846744979435817
66 	 0.3417330758148662
67 	 0.3463049522435776
68 	 0.34788169211321596
69 	 0.35238825602151724
70 	 0.35825714347863735
71 	 0.3631555825093996
72 	 0.3646577704788333
73 	 0.37086245991779876
74 	 0.37806996525526027
75 	 0.37961433765276054
76 	 0.38682184299022204
77 	 0.38682184299022204
78 	 0.38734286074510227
79 	 0.394636217347098
80 	 0.39809768736612994
81 	 0.39809768736612994
82 	 0.4006044955471434
83 	 0.4044983143663259
84 	 0.40907019079503726
85 	 0.4097233159991388
86 	 0.41462175502990106
87 	 0.41462175502990106
88 	 0.4207511263167133
89 	 0.42091668939470406
90 	 0.4236348828465035
91 	 0.4252143969193035
92 	 0.4312360676195097
93 	 0.43391267851597515
94 	 0.44057575803816296
95 	 0.4416511328479654
96 	 0.4464830569179661
97 	 0.45118555838749774
98 	 0.4516427460303689
99 	 0.454226074803887
100 	 0.45797926295050606
101 	 0.4658155629593742
102 	 0.4658155629593742
103 	 0.4658155629593742
104 	 0.46986493922480427
105 	 0.47055300246607634
106 	 0.47639619126582056
107 	 0.47639619126582056
108 	 0.48050226524485623
109 	 0.48050226524485623
110 	 0.48050226524485623
111 	 0.48073624503995155
112 	 0.48566195435725906
113 	 0.48566195435725906
114 	 0.4871220514613331
115 	 0.48918883045940786
116 	 0.49121351859212287
117 	 0.4945444571330412
118 	 0.4945444571330412
119 	 0.49846320835765096
0 	 0.010704988033226837
1 	 0.010704988033226837
2 	 0.01925614663870201
3 	 0.026516883286526016
4 	 0.03160021299622273
5 	 0.03642707419253488
6 	 0.04405797746602491
7 	 0.054405329501665434
8 	 0.06214208597772175
9 	 0.07089396371268364
10 	 0.07089396371268364
11 	 0.07873647503468084
12 	 0.0798169088139965
13 	 0.08526772707569708
14 	 0.0948033550555808
15 	 0.09983241912716334
16 	 0.10407773295382394
17 	 0.11047835995401989
18 	 0.11735189932845203
19 	 0.11809004577435178
20 	 0.1285046155872247
21 	 0.13608086795480367
22 	 0.13934649397531174
23 	 0.14875149691437517
24 	 0.14999243480216828
25 	 0.15502149887375083
26 	 0.15939743774123172
27 	 0.16148743839435686
28 	 0.1665818149863496
29 	 0.17101201949194478
30 	 0.1779461935377179
31 	 0.18263764812495364
32 	 0.186436821191039
33 	 0.1918577603850825
34 	 0.19817201972597076
35 	 0.20211182608947809
36 	 0.20599001301342879
37 	 0.21081079760817767
38 	 0.21519907839126173
39 	 0.22436166343404595
40 	 0.22992427455120557
41 	 0.2335054162914687
42 	 0.24710146741907835
43 	 0.25257667225123615
44 	 0.25257667225123615
45 	 0.2571485486799475
46 	 0.2660420983380255
47 	 0.26950366191976405
48 	 0.27531647623626854
49 	 0.27642678908324136
50 	 0.28446244759800166
51 	 0.2883158863022013
52 	 0.29058855912995085
53 	 0.2944846906478167
54 	 0.2984381245254253
55 	 0.3040203186277004
56 	 0.3104445813985992
57 	 0.31246926953131426
58 	 0.32363771052145207
59 	 0.32363771052145207
60 	 0.3289280246746753
61 	 0.3330427134605155
62 	 0.33545927671569153
63 	 0.33545927671569153
64 	 0.3399658406239927
65 	 0.3437360354162956
66 	 0.3437360354162956
67 	 0.3482425993245969
68 	 0.3519001004675659
69 	 0.35692916453914847
70 	 0.3605866656821176
71 	 0.3605866656821176
72 	 0.36437479186590704
73 	 0.3707014915388882
74 	 0.37728804784371306
75 	 0.3781471188656468
76 	 0.38058910731697404
77 	 0.3810761740275025
78 	 0.3853868003745732
79 	 0.3864971132215459
80 	 0.39152617729312844
81 	 0.39289774022174184
82 	 0.3979268042933244
83 	 0.40132305535465285
84 	 0.4064174319466456
85 	 0.407397119752798
86 	 0.4160836849673496
87 	 0.4160836849673496
88 	 0.4247049376614911
89 	 0.42927681409020246
90 	 0.42927681409020246
91 	 0.42927681409020246
92 	 0.4343711906821952
93 	 0.434697753284246
94 	 0.4398574423966488
95 	 0.4398574423966488
96 	 0.4398574423966488
97 	 0.44325369345797727
98 	 0.44364556858043824
99 	 0.44364556858043824
100 	 0.4469111946009464
101 	 0.44900119525407156
102 	 0.4523974463154
103 	 0.4523974463154
104 	 0.4544874469685253
105 	 0.4570346352645216
106 	 0.45736119786657237
107 	 0.4638924499075887
108 	 0.4638924499075887
109 	 0.46502769515998876
110 	 0.4703833218336221
111 	 0.4703833218336221
112 	 0.47070988443567296
113 	 0.4744326980990522
114 	 0.4763018287855195
115 	 0.4763018287855195
116 	 0.4787433244461229
117 	 0.4798287048876684
118 	 0.4830539507931937
119 	 0.4830539507931937
0 	 0.010384690745215863
1 	 0.010384690745215863
2 	 0.014042191888185007
3 	 0.020965319051662212
4 	 0.024622820194631356
5 	 0.029796756479459563
6 	 0.03792335270325409
7 	 0.045784076807524055
8 	 0.04640186139500613
9 	 0.051400953562797946
10 	 0.058941865313757336
11 	 0.0641915223301881
12 	 0.07017561882430534
13 	 0.07606772222178382
14 	 0.08299084938526102
15 	 0.09148147703858223
16 	 0.09245930724573981
17 	 0.09732426325887733
18 	 0.10633090572390913
19 	 0.10984854244626341
20 	 0.11820854505876432
21 	 0.12650323515085493
22 	 0.13296917467146108
23 	 0.13618279116371124
24 	 0.14454279377621204
25 	 0.15342529655199422
26 	 0.15342529655199422
27 	 0.15909761550009516
28 	 0.16004186985349467
29 	 0.16823167037890907
30 	 0.173147730523165
31 	 0.17750573799915947
32 	 0.18123842199012186
33 	 0.1831229250324261
34 	 0.18690104295961407
35 	 0.19403459055508998
36 	 0.19911462220533294
37 	 0.19911462220533294
38 	 0.20512219752835492
39 	 0.21564302655425216
40 	 0.21564302655425216
41 	 0.22345735568373637
42 	 0.2303151703268035
43 	 0.2389404698306743
44 	 0.23920871998488147
45 	 0.2509037079480301
46 	 0.2574349599890463
47 	 0.2574349599890463
48 	 0.2665156188303692
49 	 0.2695137294551969
50 	 0.28029656063691355
51 	 0.28160281104511686
52 	 0.28708906275957047
53 	 0.2904853138208989
54 	 0.30165375481103673
55 	 0.30165375481103673
56 	 0.3075935882343346
57 	 0.3130798399487882
58 	 0.31386359019371024
59 	 0.32098108012601856
60 	 0.3313621649372074
61 	 0.33737091681494236
62 	 0.3436409187743179
63 	 0.3436409187743179
64 	 0.3465146696723651
65 	 0.3506998517050419
66 	 0.3539628183455372
67 	 0.3569081470780343
68 	 0.36128048001148827
69 	 0.36565641887896916
70 	 0.36990173270562976
71 	 0.37434298409352074
72 	 0.3764982972670562
73 	 0.38250704914479117
74 	 0.38694830053268214
75 	 0.38694830053268214
76 	 0.3915854894818037
77 	 0.3949817405431322
78 	 0.40125174250250784
79 	 0.403341743155633
80 	 0.40941580755377815
81 	 0.40941580755377815
82 	 0.4130733086967472
83 	 0.41490205926823176
84 	 0.4155551844723334
85 	 0.41908206057448216
86 	 0.41908206057448216
87 	 0.42347040574611117
88 	 0.42347040574611117
89 	 0.4269195630237017
90 	 0.42887893863600657
91 	 0.43495300303415174
92 	 0.43495300303415174
93 	 0.4409617549118867
94 	 0.4409617549118867
95 	 0.44468456857526595
96 	 0.44494581865690663
97 	 0.4484073822386452
98 	 0.4506280079325907
99 	 0.4563101972082749
100 	 0.4563101972082749
101 	 0.4563101972082749
102 	 0.45983707331042367
103 	 0.45983707331042367
104 	 0.46160051136149804
105 	 0.46160051136149804
106 	 0.464800824861596
107 	 0.4665642629126704
108 	 0.4709402017801513
109 	 0.47446707788230014
110 	 0.47446707788230014
111 	 0.47446707788230014
112 	 0.47864707918855054
113 	 0.47864707918855054
114 	 0.4819127052090586
115 	 0.4822392678111095
116 	 0.4823045803315196
117 	 0.48811739464802406
118 	 0.4919055208318135
119 	 0.4922973959542745
0 	 0.010123440663575178
1 	 0.014760629612696752
2 	 0.02051737078858551
3 	 0.024299231658335252
4 	 0.035016750319641576
5 	 0.03919675162589198
6 	 0.04414057856426812
7 	 0.04604455801235763
8 	 0.055364323818214545
9 	 0.06485830683304628
10 	 0.07607213573079785
11 	 0.07607213573079785
12 	 0.08397316765967544
13 	 0.08971870955396
14 	 0.0937157556213365
15 	 0.09835114882059426
16 	 0.102870725782371
17 	 0.11175410421722687
18 	 0.11888123000583783
19 	 0.12543659715441569
20 	 0.13028212996891575
21 	 0.13576838168336935
22 	 0.14145057095905356
23 	 0.1567195113901314
24 	 0.16463038742366443
25 	 0.16714539954819596
26 	 0.1750150781688803
27 	 0.18239539297522867
28 	 0.18594539716972125
29 	 0.19293383685360865
30 	 0.19302945016208073
31 	 0.2025471467504779
32 	 0.20459579973324538
33 	 0.20633527293426734
34 	 0.21152636784499157
35 	 0.21803122296046418
36 	 0.22443184996066012
37 	 0.2276269827343318
38 	 0.2304406018383951
39 	 0.24056626100628076
40 	 0.24115185518566173
41 	 0.2509144647098399
42 	 0.2569232165875749
43 	 0.25842645814591225
44 	 0.26332384358777083
45 	 0.2678292425806653
46 	 0.2729546631557218
47 	 0.27866250616194765
48 	 0.2813190552379118
49 	 0.28970893691806987
50 	 0.29121112488750356
51 	 0.294607375948832
52 	 0.29695862668359785
53 	 0.311458006214654
54 	 0.311458006214654
55 	 0.3146284406470947
56 	 0.31949144622510395
57 	 0.32639135173353084
58 	 0.32639135173353084
59 	 0.33464395096026167
60 	 0.33503582608272275
61 	 0.34097926544004753
62 	 0.34633489211368085
63 	 0.3476068739845376
64 	 0.3481636426851654
65 	 0.3552827074098731
66 	 0.35894020855284225
67 	 0.362467084654991
68 	 0.363412503923797
69 	 0.3638386475836044
70 	 0.3671353175871763
71 	 0.37640969548541936
72 	 0.37640969548541936
73 	 0.37947938394469705
74 	 0.38228782232233405
75 	 0.38783938655719785
76 	 0.38921094948581125
77 	 0.3968525143738003
78 	 0.3968525143738003
79 	 0.39933439014938643
80 	 0.4027959537311251
81 	 0.40749845520065675
82 	 0.4108947062619852
83 	 0.41298470691511047
84 	 0.41625280773788054
85 	 0.41885421894522046
86 	 0.4222504700065489
87 	 0.42461033554811933
88 	 0.4259755021742385
89 	 0.43165547294561235
90 	 0.43165547294561235
91 	 0.43651353186139175
92 	 0.44262797637451967
93 	 0.44733047784405144
94 	 0.4524248544360441
95 	 0.4524248544360441
96 	 0.45829780054653246
97 	 0.45967454420157217
98 	 0.46124204469141605
99 	 0.4647689207935648
100 	 0.46691905324067384
101 	 0.47005923494678803
102 	 0.47423923625303843
103 	 0.47723843146547956
104 	 0.4798561130083124
105 	 0.4825361448494394
106 	 0.48461874627182794
107 	 0.4869120837169203
108 	 0.4869120837169203
109 	 0.48951718530259014
110 	 0.4910920850231707
111 	 0.4952646870986845
112 	 0.4985303131191926
113 	 0.5002336193762831
114 	 0.5017959391397007
115 	 0.5053891438262188
116 	 0.5053891438262188
117 	 0.5054534402826698
118 	 0.5081975822038558
119 	 0.511855083346825
