0 	 0.019279599825145932
1 	 0.030940328419084673
2 	 0.04618757310171284
3 	 0.05940872719385715
4 	 0.06936566141445832
5 	 0.07819108685040566
6 	 0.09126111963868755
7 	 0.09798495165825749
8 	 0.10903955124968179
9 	 0.11590409434612892
10 	 0.1268903669298842
11 	 0.1336106565552403
12 	 0.14784783215827169
13 	 0.1532687713523152
14 	 0.16030562143814475
15 	 0.1732461170644144
16 	 0.18238128743575166
17 	 0.1875859688295205
18 	 0.2023128803476688
19 	 0.21747977567930943
20 	 0.21747977567930943
21 	 0.22154851341838822
22 	 0.23715912432133812
23 	 0.2434566204823967
24 	 0.2624870566970202
25 	 0.26625191427495276
26 	 0.26625191427495276
27 	 0.27245534667019633
28 	 0.2766366050201686
29 	 0.30565863268813775
30 	 0.3057910407697102
31 	 0.31441051042309953
32 	 0.3198083215247993
33 	 0.3360058265865197
34 	 0.3365532378828968
35 	 0.3448170116544258
36 	 0.3528151281065154
37 	 0.3528151281065154
38 	 0.35647177356724424
39 	 0.36770552707779225
40 	 0.3738449039963475
41 	 0.3808333436802349
42 	 0.3951367856500606
43 	 0.40127616256861587
44 	 0.40856663920497527
45 	 0.40878710241578453
46 	 0.40878710241578453
47 	 0.4133589788444959
48 	 0.4147958542935195
49 	 0.4222414816202781
50 	 0.426225545365298
51 	 0.43138403203734954
52 	 0.43563054830436143
53 	 0.4399978723650376
54 	 0.44496162391620997
55 	 0.45254035108605073
56 	 0.45254035108605073
57 	 0.4543691016575353
58 	 0.4543691016575353
59 	 0.45920222816788736
60 	 0.45920222816788736
61 	 0.4646231673619308
62 	 0.4646231673619308
63 	 0.4680847309436695
64 	 0.4729831699744317
65 	 0.478338796648065
66 	 0.4851312987707219
67 	 0.4851312987707219
68 	 0.48702536186261663
69 	 0.48702536186261663
70 	 0.49218505097501947
71 	 0.49571192707716827
72 	 0.49571192707716827
73 	 0.4983897404139849
74 	 0.5019166165161337
75 	 0.5019166165161337
76 	 0.5019166165161337
77 	 0.5053128675774622
78 	 0.5059006802611536
79 	 0.5059006802611536
80 	 0.5097541189653532
81 	 0.5117083138512318
82 	 0.5144566204348849
83 	 0.5155016207614476
84 	 0.5160842527187127
85 	 0.520922559955491
86 	 0.5232738106902569
87 	 0.5252984988229719
88 	 0.5286947498843004
89 	 0.5335278763946525
90 	 0.5335278763946525
91 	 0.5372506900580316
92 	 0.5372506900580316
93 	 0.5372506900580316
94 	 0.5406469411193602
95 	 0.5406469411193602
96 	 0.5406469411193602
97 	 0.5406469411193602
98 	 0.5440431921806885
99 	 0.5440431921806885
100 	 0.5482885060073492
101 	 0.5482885060073492
102 	 0.5484191310481694
103 	 0.5515541320278573
104 	 0.5516847570686776
105 	 0.5549503830891858
106 	 0.5549503830891858
107 	 0.5549503830891858
108 	 0.5549503830891858
109 	 0.5549503830891858
110 	 0.5549503830891858
111 	 0.5549503830891858
112 	 0.5549503830891858
113 	 0.5549503830891858
114 	 0.5549503830891858
115 	 0.5549503830891858
116 	 0.5549503830891858
117 	 0.5549503830891858
118 	 0.5549503830891858
119 	 0.5549503830891858
0 	 0.03219907256221022
1 	 0.04411583034451694
2 	 0.0564518483472457
3 	 0.06034799739768848
4 	 0.06977140792776015
5 	 0.08899698975040349
6 	 0.09627934695645568
7 	 0.10278453152295408
8 	 0.11473672275801383
9 	 0.14301704409561422
10 	 0.14752090976618837
11 	 0.15303157606399242
12 	 0.16796864539660672
13 	 0.1848831729682051
14 	 0.19106581723601412
15 	 0.1947891767067752
16 	 0.20641609817430695
17 	 0.21301595095072234
18 	 0.22176782868568423
19 	 0.23391137643246263
20 	 0.24581692223849982
21 	 0.2537518347800971
22 	 0.2573797131533605
23 	 0.27255624860094496
24 	 0.27855873516464014
25 	 0.2930581146956962
26 	 0.29703411737681296
27 	 0.3058593686960881
28 	 0.3058593686960881
29 	 0.31910157705516184
30 	 0.3274696407315659
31 	 0.3274890871386694
32 	 0.3351473848601557
33 	 0.34918860379309047
34 	 0.3583998876752338
35 	 0.36087954494650964
36 	 0.3642780145121485
37 	 0.37152770427767645
38 	 0.37740583111459114
39 	 0.3825002077065838
40 	 0.3878558343802171
41 	 0.39483440373652146
42 	 0.3956181539814434
43 	 0.3985572173999007
44 	 0.4044452145643984
45 	 0.4044452145643984
46 	 0.41194628408398404
47 	 0.4136444096146483
48 	 0.41488534750244144
49 	 0.421915115932155
50 	 0.4309935562691677
51 	 0.43412855724885546
52 	 0.4375248083101839
53 	 0.4405291842490514
54 	 0.4432723101062782
55 	 0.44405606035120015
56 	 0.4490851244227827
57 	 0.4503260623105758
58 	 0.45130575011672824
59 	 0.4537223133719043
60 	 0.4537223133719043
61 	 0.4569879393924124
62 	 0.4569879393924124
63 	 0.45914325256594773
64 	 0.46086450618895564
65 	 0.4624088785864559
66 	 0.46576294521971784
67 	 0.4673304457095617
68 	 0.46986901919875346
69 	 0.47203294717909344
70 	 0.4815599603521726
71 	 0.4815599603521726
72 	 0.4852174614951417
73 	 0.485739961658423
74 	 0.485739961658423
75 	 0.4893974628013921
76 	 0.4893974628013921
77 	 0.49474790874859903
78 	 0.49474790874859903
79 	 0.49474790874859903
80 	 0.495531658993521
81 	 0.501148535748795
82 	 0.5025854111978185
83 	 0.5025854111978185
84 	 0.5059163497387369
85 	 0.5089860381980145
86 	 0.5133619770654954
87 	 0.5133619770654954
88 	 0.5170194782084645
89 	 0.5173460408105153
90 	 0.5173460408105153
91 	 0.5225057299229181
92 	 0.5225057299229181
93 	 0.526489793667938
94 	 0.526489793667938
95 	 0.52727354391286
96 	 0.5306697949741885
97 	 0.5319048667061119
98 	 0.5319048667061119
99 	 0.5341966710763373
100 	 0.5357641715661812
101 	 0.5389534381839831
102 	 0.5394146041129293
103 	 0.5417064084831548
104 	 0.542941480215078
105 	 0.5448956751009566
106 	 0.5502513017745899
107 	 0.5502513017745899
108 	 0.5539741154379692
109 	 0.5540394279583793
110 	 0.5540394279583793
111 	 0.5554161716134192
112 	 0.5577622416217587
113 	 0.561158492683087
114 	 0.561158492683087
115 	 0.5644292994300216
116 	 0.5663834943159001
117 	 0.5663834943159001
118 	 0.5665794318771306
119 	 0.5681521130934009
0 	 0.026026480695212295
1 	 0.03494142954262991
2 	 0.04539220168506297
3 	 0.0569193028492192
4 	 0.066846805951564
5 	 0.0771986302480051
6 	 0.09351369024682132
7 	 0.10791862397765772
8 	 0.11156738777307884
9 	 0.12064208516752961
10 	 0.13240208178392066
11 	 0.16313281744453434
12 	 0.17378376714416854
13 	 0.18240501983831003
14 	 0.18240501983831003
15 	 0.19133665996061955
16 	 0.20609039244833194
17 	 0.21087958492190007
18 	 0.2371976434129246
19 	 0.2371976434129246
20 	 0.24095603151218536
21 	 0.27354697919685644
22 	 0.2753104172479308
23 	 0.2910981157957039
24 	 0.2910981157957039
25 	 0.30516172657821294
26 	 0.30810503588564664
27 	 0.3161781236332063
28 	 0.3274623422231754
29 	 0.33371228593772984
30 	 0.33791755406278223
31 	 0.342076893447979
32 	 0.3558434616873224
33 	 0.3558434616873224
34 	 0.37017463664724015
35 	 0.37017463664724015
36 	 0.37613365915408203
37 	 0.384219052262051
38 	 0.384219052262051
39 	 0.3904371011239076
40 	 0.3944962460587903
41 	 0.40089687305898625
42 	 0.4042931241203147
43 	 0.4045543742019554
44 	 0.41461250234512037
45 	 0.41474312738594077
46 	 0.41800875340644883
47 	 0.4234718770285588
48 	 0.42747906886592246
49 	 0.4310059449680712
50 	 0.43342250822324724
51 	 0.44276219864190053
52 	 0.44276219864190053
53 	 0.44720345002979156
54 	 0.44896688808086593
55 	 0.45458376483613994
56 	 0.4574575157341871
57 	 0.45856782858115985
58 	 0.45856782858115985
59 	 0.46366220517315254
60 	 0.467058456234481
61 	 0.4677768939589928
62 	 0.4677768939589928
63 	 0.4728712705509855
64 	 0.47646345917354443
65 	 0.47646345917354443
66 	 0.47646345917354443
67 	 0.47646345917354443
68 	 0.47646345917354443
69 	 0.4801209603165135
70 	 0.4801209603165135
71 	 0.4801209603165135
72 	 0.48136189820430664
73 	 0.4841703365819436
74 	 0.4850193993472757
75 	 0.4852153369085062
76 	 0.4901137759392684
77 	 0.4944897148067493
78 	 0.49853909107217936
79 	 0.49853909107217936
80 	 0.49853909107217936
81 	 0.5027190923784298
82 	 0.5027190923784298
83 	 0.5027190923784298
84 	 0.5027190923784298
85 	 0.5043519053886838
86 	 0.5088584692969851
87 	 0.5088584692969851
88 	 0.5142794084910286
89 	 0.5142794084910286
90 	 0.5142794084910286
91 	 0.5142794084910286
92 	 0.5194390976034314
93 	 0.5194390976034314
94 	 0.5194390976034314
95 	 0.5229659737055803
96 	 0.5229659737055803
97 	 0.5229659737055803
98 	 0.5263622247669086
99 	 0.5263622247669086
100 	 0.5263622247669086
101 	 0.5263622247669086
102 	 0.5304682987459444
103 	 0.5304682987459444
104 	 0.5304682987459444
105 	 0.5304682987459444
106 	 0.5304682987459444
107 	 0.5304682987459444
108 	 0.5304682987459444
109 	 0.5304682987459444
110 	 0.5304682987459444
111 	 0.5304682987459444
112 	 0.5304682987459444
113 	 0.5304682987459444
114 	 0.5304682987459444
115 	 0.5304682987459444
116 	 0.5304682987459444
117 	 0.5304682987459444
118 	 0.5304682987459444
119 	 0.5304682987459444
0 	 0.02455794313777937
1 	 0.04782863316679986
2 	 0.06638983182262803
3 	 0.06638983182262803
4 	 0.08164308253094887
5 	 0.0961549516080904
6 	 0.10318571321897696
7 	 0.12575512236368813
8 	 0.12958845366007832
9 	 0.1398699206394739
10 	 0.15216954942361605
11 	 0.1635079776650724
12 	 0.17281309570949632
13 	 0.1860304159802343
14 	 0.18750015446900514
15 	 0.20101204050360022
16 	 0.2142125720086091
17 	 0.22440871482130642
18 	 0.23429858706765483
19 	 0.24277698796006408
20 	 0.24512823869482991
21 	 0.2608032435932689
22 	 0.2747881484958641
23 	 0.27871817390729126
24 	 0.2852090458333246
25 	 0.2950693165983931
26 	 0.29601471762916687
27 	 0.30812246631047435
28 	 0.31239878364033336
29 	 0.33394453226903864
30 	 0.33568656842787326
31 	 0.3436364500730432
32 	 0.3462792032990102
33 	 0.35702560936175376
34 	 0.3601005909423738
35 	 0.3701883732943059
36 	 0.3701883732943059
37 	 0.38770973133018294
38 	 0.38770973133018294
39 	 0.3889727143891323
40 	 0.40033405057121363
41 	 0.40830300192623015
42 	 0.40830300192623015
43 	 0.41299644771325483
44 	 0.4155549101960685
45 	 0.42830139579608717
46 	 0.436130283438502
47 	 0.436130283438502
48 	 0.43811339452087505
49 	 0.4451414819418722
50 	 0.4510196087787868
51 	 0.4558546646023712
52 	 0.46120836196277215
53 	 0.4700255522181441
54 	 0.47446680360603516
55 	 0.4793566278299928
56 	 0.4836019416566534
57 	 0.4836019416566534
58 	 0.4836019416566534
59 	 0.4884350681670054
60 	 0.4884350681670054
61 	 0.492680381993666
62 	 0.492680381993666
63 	 0.492680381993666
64 	 0.49307225711612696
65 	 0.4968244982065665
66 	 0.49721637332902746
67 	 0.49721637332902746
68 	 0.50224543740061
69 	 0.50224543740061
70 	 0.5033545478072312
71 	 0.5046607982154345
72 	 0.5083836118788139
73 	 0.5124329881442439
74 	 0.5124329881442439
75 	 0.5124329881442439
76 	 0.5124329881442439
77 	 0.5124329881442439
78 	 0.516090489287213
79 	 0.516090489287213
80 	 0.519682677909772
81 	 0.519682677909772
82 	 0.519682677909772
83 	 0.519682677909772
84 	 0.5217073660424869
85 	 0.5252995546650459
86 	 0.5252995546650459
87 	 0.5252995546650459
88 	 0.5292183058896557
89 	 0.5362720580939533
90 	 0.5362720580939533
91 	 0.540190809318563
92 	 0.540582684441024
93 	 0.540582684441024
94 	 0.5456117485126065
95 	 0.5456117485126065
96 	 0.5456117485126065
97 	 0.5456117485126065
98 	 0.5456117485126065
99 	 0.548266340194373
100 	 0.548266340194373
101 	 0.548266340194373
102 	 0.548266340194373
103 	 0.548266340194373
104 	 0.548266340194373
105 	 0.548266340194373
106 	 0.548266340194373
107 	 0.548266340194373
108 	 0.548266340194373
109 	 0.548266340194373
110 	 0.5502205350802514
111 	 0.5502205350802514
112 	 0.5502205350802514
113 	 0.5525116540210335
114 	 0.5525116540210335
115 	 0.5525116540210335
116 	 0.5544658489069121
117 	 0.5544658489069121
118 	 0.5544658489069121
119 	 0.5544658489069121
0 	 0.02651510024577397
1 	 0.04846166297693821
2 	 0.04846166297693821
3 	 0.06485732410419931
4 	 0.0727579205695188
5 	 0.07723961428294046
6 	 0.09534264817279947
7 	 0.11035482484762837
8 	 0.1172522126455754
9 	 0.13938382319992426
10 	 0.14807038841447595
11 	 0.14807038841447595
12 	 0.1672069568946536
13 	 0.17058629105845613
14 	 0.19292940470325592
15 	 0.1988728440605808
16 	 0.1988728440605808
17 	 0.21010481453037666
18 	 0.21788855616939062
19 	 0.22454066458177468
20 	 0.24046104903032184
21 	 0.24046104903032184
22 	 0.2589306523842042
23 	 0.26231442947119243
24 	 0.27178603515361
25 	 0.2762976079346887
26 	 0.2822212506678462
27 	 0.2950423012924054
28 	 0.3004632404864489
29 	 0.3134959396877125
30 	 0.3218296740403668
31 	 0.3218296740403668
32 	 0.3371591027041374
33 	 0.3499423660950931
34 	 0.3546448675646249
35 	 0.3546448675646249
36 	 0.3639316517670159
37 	 0.36802067576955566
38 	 0.37401702134314274
39 	 0.3829922308357262
40 	 0.3870919317293232
41 	 0.3870919317293232
42 	 0.39560822416594477
43 	 0.3980933117630231
44 	 0.4084559573370826
45 	 0.4084559573370826
46 	 0.4097348135488946
47 	 0.41210662704641543
48 	 0.414327252740361
49 	 0.4174037726332749
50 	 0.42014006705686546
51 	 0.4222300677099907
52 	 0.42484256852639724
53 	 0.4282388195877257
54 	 0.42856538218977647
55 	 0.43511052294334207
56 	 0.43511052294334207
57 	 0.4434566368432935
58 	 0.4434566368432935
59 	 0.44468895992428203
60 	 0.4489428885577472
61 	 0.4548777131082674
62 	 0.4585352142512365
63 	 0.46148816638224305
64 	 0.4657987927293138
65 	 0.47030535663761497
66 	 0.47030535663761497
67 	 0.4728293232785609
68 	 0.4744853579438654
69 	 0.47713994962563167
70 	 0.47860004672970563
71 	 0.4809280758094211
72 	 0.4809280758094211
73 	 0.48354057662582756
74 	 0.4876552654116678
75 	 0.4876552654116678
76 	 0.4876552654116678
77 	 0.4924883919220199
78 	 0.4924883919220199
79 	 0.49758276851401256
80 	 0.5016974572998527
81 	 0.5016974572998527
82 	 0.5016974572998527
83 	 0.5075102716163573
84 	 0.5075102716163573
85 	 0.5075102716163573
86 	 0.5075102716163573
87 	 0.5075102716163573
88 	 0.5075102716163573
89 	 0.5075102716163573
90 	 0.509925632431182
91 	 0.509925632431182
92 	 0.509925632431182
93 	 0.509925632431182
94 	 0.509925632431182
95 	 0.509925632431182
96 	 0.509925632431182
97 	 0.509925632431182
98 	 0.509925632431182
99 	 0.509925632431182
100 	 0.509925632431182
101 	 0.5136484460945614
102 	 0.5136484460945614
103 	 0.5136484460945614
104 	 0.5136484460945614
105 	 0.5169140721150695
106 	 0.5169140721150695
107 	 0.5169140721150695
108 	 0.5169140721150695
109 	 0.5169140721150695
110 	 0.5169140721150695
111 	 0.5214859485437808
112 	 0.5214859485437808
113 	 0.5214859485437808
114 	 0.5221390737478825
115 	 0.5221390737478825
116 	 0.5221390737478825
117 	 0.5267109501765939
118 	 0.5267109501765939
119 	 0.5306950139216138
0 	 0.02828032133760039
1 	 0.04055907517471102
2 	 0.04055907517471102
3 	 0.05877126011254474
4 	 0.06934315037868755
5 	 0.07838615726294718
6 	 0.08939143628217838
7 	 0.09937438157735001
8 	 0.11988251298614105
9 	 0.11988251298614105
10 	 0.13049176107706972
11 	 0.14567926661309916
12 	 0.15656071172290886
13 	 0.17160833721593372
14 	 0.19083050520679656
15 	 0.2107409536043129
16 	 0.21712607591067468
17 	 0.22870690558988538
18 	 0.23301753193695607
19 	 0.25056867819416107
20 	 0.2547667729594336
21 	 0.26371549158520247
22 	 0.2891143394229745
23 	 0.2975396545558855
24 	 0.2975396545558855
25 	 0.30718386240543316
26 	 0.30718386240543316
27 	 0.31801512845147495
28 	 0.31868099168493946
29 	 0.33672128371182786
30 	 0.3411701029837937
31 	 0.34817243138023035
32 	 0.36601148544048123
33 	 0.3666687306876796
34 	 0.3699366300766399
35 	 0.37562858802177646
36 	 0.37684630425451915
37 	 0.38109573812427644
38 	 0.3833677876260829
39 	 0.3957350756386542
40 	 0.39891216748370173
41 	 0.39891216748370173
42 	 0.40263498114708096
43 	 0.4038759190348741
44 	 0.40709945419002247
45 	 0.4075987326982533
46 	 0.4144590221435823
47 	 0.42374481395211266
48 	 0.42374481395211266
49 	 0.42374481395211266
50 	 0.4299495033910781
51 	 0.4336723170544574
52 	 0.4336723170544574
53 	 0.4336723170544574
54 	 0.43935450633014156
55 	 0.43935450633014156
56 	 0.4426854448710598
57 	 0.4483023216263338
58 	 0.4483023216263338
59 	 0.45398451090201797
60 	 0.45398451090201797
61 	 0.45607451155514317
62 	 0.4614954507491867
63 	 0.4614954507491867
64 	 0.4614954507491867
65 	 0.46580607709625743
66 	 0.46822143791108223
67 	 0.46991215107529305
68 	 0.46991215107529305
69 	 0.4739036271867664
70 	 0.4757335801986021
71 	 0.4758578220726448
72 	 0.4798396541776378
73 	 0.4858484060553728
74 	 0.4858484060553728
75 	 0.4858484060553728
76 	 0.49022434492285366
77 	 0.49022434492285366
78 	 0.49113872020859595
79 	 0.49113872020859595
80 	 0.49551465907607684
81 	 0.49846502340282156
82 	 0.5005437231476593
83 	 0.501588723474222
84 	 0.501588723474222
85 	 0.5059646623417029
86 	 0.5059646623417029
87 	 0.5059646623417029
88 	 0.5059646623417029
89 	 0.5122346643010784
90 	 0.5122346643010784
91 	 0.5122346643010784
92 	 0.5141125653119719
93 	 0.5151850286278232
94 	 0.5151850286278232
95 	 0.5151850286278232
96 	 0.5170629296387166
97 	 0.5170629296387166
98 	 0.5170629296387166
99 	 0.5239860568021938
100 	 0.5239860568021938
101 	 0.5239860568021938
102 	 0.5258801198940886
103 	 0.5258801198940886
104 	 0.5291457459145967
105 	 0.5291457459145967
106 	 0.5291457459145967
107 	 0.532933872098386
108 	 0.532933872098386
109 	 0.532933872098386
110 	 0.532933872098386
111 	 0.5364607482005348
112 	 0.5364607482005348
113 	 0.5364607482005348
114 	 0.5364607482005348
115 	 0.5364607482005348
116 	 0.5364607482005348
117 	 0.5364607482005348
118 	 0.5364607482005348
119 	 0.5364607482005348
0 	 0.03147436952365856
1 	 0.03552374578908868
2 	 0.040959233271130935
3 	 0.05724565469166887
4 	 0.07486934996941097
5 	 0.07486934996941097
6 	 0.09391135599502198
7 	 0.11997277270982298
8 	 0.11997277270982298
9 	 0.12957593171442738
10 	 0.14498266621197242
11 	 0.14498266621197242
12 	 0.1638898802783929
13 	 0.17883820426416597
14 	 0.17883820426416597
15 	 0.1854849860800859
16 	 0.193710316842037
17 	 0.1962359001725661
18 	 0.20573574786318394
19 	 0.22139908255338414
20 	 0.23008249286382754
21 	 0.23400439899254555
22 	 0.2376587452314064
23 	 0.2577673781192271
24 	 0.26319909561588817
25 	 0.2751995557547007
26 	 0.27957977561449177
27 	 0.29147315163944887
28 	 0.3022497175071257
29 	 0.3133528459768534
30 	 0.3133528459768534
31 	 0.3133528459768534
32 	 0.31924440594056913
33 	 0.33281277929730757
34 	 0.3356187428726827
35 	 0.3424956632065871
36 	 0.34936490278972254
37 	 0.35182579151294757
38 	 0.366580530148789
39 	 0.37331857886616304
40 	 0.3797709998916291
41 	 0.3831785251397749
42 	 0.38635212970998434
43 	 0.3895025654327433
44 	 0.39207734551417983
45 	 0.39675491457828416
46 	 0.4026802598125251
47 	 0.41149671769002394
48 	 0.41149671769002394
49 	 0.42109765819031786
50 	 0.42503523591588455
51 	 0.42503523591588455
52 	 0.42503523591588455
53 	 0.42922628091501325
54 	 0.43152610784191814
55 	 0.4406698606993409
56 	 0.4406698606993409
57 	 0.4425752570952117
58 	 0.4425752570952117
59 	 0.4471471335239231
60 	 0.45680161047387596
61 	 0.45680161047387596
62 	 0.45680161047387596
63 	 0.464102724047265
64 	 0.464102724047265
65 	 0.46559675555809166
66 	 0.4736383520271487
67 	 0.4736383520271487
68 	 0.47553241511904343
69 	 0.48023491658857514
70 	 0.4834491188012223
71 	 0.4834491188012223
72 	 0.4874984950666524
73 	 0.4882169327911642
74 	 0.4916784963729028
75 	 0.49474818483218047
76 	 0.4972814844156276
77 	 0.5003650615874544
78 	 0.5031734999650914
79 	 0.5047410004549353
80 	 0.5085291266387247
81 	 0.5085291266387247
82 	 0.5085944391591349
83 	 0.5085944391591349
84 	 0.5127091279449751
85 	 0.5127091279449751
86 	 0.5165625666491748
87 	 0.5177381920165577
88 	 0.5181300671390187
89 	 0.5219835058432183
90 	 0.5219835058432183
91 	 0.5251727724610203
92 	 0.5251727724610203
93 	 0.5296793363693215
94 	 0.5296793363693215
95 	 0.5296793363693215
96 	 0.5330755874306501
97 	 0.5345149376819356
98 	 0.5397399393147486
99 	 0.5397399393147486
100 	 0.5397399393147486
101 	 0.5397399393147486
102 	 0.5397399393147486
103 	 0.5397399393147486
104 	 0.5397399393147486
105 	 0.5397399393147486
106 	 0.5397399393147486
107 	 0.542667408608835
108 	 0.542667408608835
109 	 0.5462711913557647
110 	 0.5462711913557647
111 	 0.5462711913557647
112 	 0.5500593175395543
113 	 0.5500593175395543
114 	 0.5553496316927774
115 	 0.5553496316927774
116 	 0.5591377578765668
117 	 0.5591377578765668
118 	 0.5591377578765668
119 	 0.5615531186913916
0 	 0.02103063157207241
1 	 0.0324727289479988
2 	 0.04872314022598134
3 	 0.04973270709979094
4 	 0.06119783162432235
5 	 0.0728004331087263
6 	 0.08612167773521295
7 	 0.11075308406859419
8 	 0.11075308406859419
9 	 0.11597834498975412
10 	 0.13355955999588898
11 	 0.14893503425721943
12 	 0.15174091444736437
13 	 0.16028086466199576
14 	 0.16478116325625713
15 	 0.17813194938487265
16 	 0.18923507785460025
17 	 0.1955050798139758
18 	 0.2072420290692939
19 	 0.21328199999495112
20 	 0.2306926751494749
21 	 0.23969403994084582
22 	 0.24537622921653002
23 	 0.2536168809750279
24 	 0.26588436062532106
25 	 0.27345393347785374
26 	 0.2839778383335698
27 	 0.29344815379304345
28 	 0.29344815379304345
29 	 0.30437079561460445
30 	 0.31007751053986754
31 	 0.31632561604331233
32 	 0.32135205092124675
33 	 0.33003991211082206
34 	 0.3372767117769556
35 	 0.3400967442789634
36 	 0.34414612054439353
37 	 0.3574944003576457
38 	 0.3574944003576457
39 	 0.3681473421984428
40 	 0.3698499627507399
41 	 0.3742508340236482
42 	 0.3860724002178877
43 	 0.390922075890748
44 	 0.39502021551407995
45 	 0.39502021551407995
46 	 0.4027295677247411
47 	 0.41119449892075
48 	 0.41350365879015594
49 	 0.4192023972283485
50 	 0.4280683508416222
51 	 0.43008144484996635
52 	 0.43008144484996635
53 	 0.43960544529917067
54 	 0.43960544529917067
55 	 0.44025857050327233
56 	 0.44884020713431594
57 	 0.44884020713431594
58 	 0.45288958339974594
59 	 0.45521513767719957
60 	 0.45521513767719957
61 	 0.4625326147653996
62 	 0.47226418030651385
63 	 0.47226418030651385
64 	 0.47226418030651385
65 	 0.472329492826924
66 	 0.47768511950055736
67 	 0.4806894954394248
68 	 0.4809507455210655
69 	 0.4853919969089565
70 	 0.4861104346334683
71 	 0.4861104346334683
72 	 0.48858126352675846
73 	 0.48858126352675846
74 	 0.48937606065397643
75 	 0.48937606065397643
76 	 0.49099662434158325
77 	 0.4934821346330121
78 	 0.4955142351321805
79 	 0.4955142351321805
80 	 0.4958974954478368
81 	 0.4958974954478368
82 	 0.49988276163320805
83 	 0.5022981224480327
84 	 0.5060209361114121
85 	 0.5060209361114121
86 	 0.5060209361114121
87 	 0.5060209361114121
88 	 0.5060209361114121
89 	 0.5079751309972906
90 	 0.5097437497747912
91 	 0.5097437497747912
92 	 0.5097437497747912
93 	 0.5139838828750256
94 	 0.5152248207628186
95 	 0.5171188838547134
96 	 0.519404822069069
97 	 0.5206457599568621
98 	 0.5221479479262958
99 	 0.5266545118345971
100 	 0.5266545118345971
101 	 0.5281566998040308
102 	 0.5331204513552033
103 	 0.5361953205409071
104 	 0.5381495154267857
105 	 0.5381495154267857
106 	 0.5419376416105752
107 	 0.5419376416105752
108 	 0.5457257677943645
109 	 0.5480770185291304
110 	 0.5480770185291304
111 	 0.5499710816210251
112 	 0.5518651447129199
113 	 0.5523223323557911
114 	 0.5523223323557911
115 	 0.5561104585395804
116 	 0.5561104585395804
117 	 0.5561104585395804
118 	 0.5561104585395804
119 	 0.5561104585395804
0 	 0.0196590686434589
1 	 0.0335356237584753
2 	 0.054452710630589096
3 	 0.054452710630589096
4 	 0.06402850972611795
5 	 0.07688768992158745
6 	 0.09097062285883073
7 	 0.10427405678345991
8 	 0.11996938192094297
9 	 0.12484892239974266
10 	 0.14518887338344144
11 	 0.153026375832661
12 	 0.1601286626195224
13 	 0.17358330935441357
14 	 0.18396511286535844
15 	 0.19859756453191302
16 	 0.2085903801546679
17 	 0.2184501236419243
18 	 0.2285760114001777
19 	 0.23621512919348853
20 	 0.24306263393022765
21 	 0.258016726301893
22 	 0.2625768617896155
23 	 0.26751019958818845
24 	 0.27873602707518264
25 	 0.28869458429342487
26 	 0.3045344726371968
27 	 0.3045344726371968
28 	 0.31487943363714943
29 	 0.31487943363714943
30 	 0.320818265008304
31 	 0.33540856233721006
32 	 0.3455292962844668
33 	 0.35004624275572216
34 	 0.3604885701747126
35 	 0.3643420088789121
36 	 0.3715109338783219
37 	 0.3795443738887718
38 	 0.379609686409182
39 	 0.38280999990928
40 	 0.3881656265829133
41 	 0.39208437780752303
42 	 0.40468969424668444
43 	 0.40468969424668444
44 	 0.40468969424668444
45 	 0.4140293846653377
46 	 0.41840532353281856
47 	 0.420560636706354
48 	 0.42846345167598365
49 	 0.43516859610707415
50 	 0.4379990796558674
51 	 0.4416565807988365
52 	 0.4430934562478601
53 	 0.44818783283985275
54 	 0.45162735125043507
55 	 0.4541745395464315
56 	 0.4607674844957138
57 	 0.4607674844957138
58 	 0.4607674844957138
59 	 0.464033110516222
60 	 0.46445173334317064
61 	 0.4724292923693234
62 	 0.4724292923693234
63 	 0.4739606136185667
64 	 0.47397766359506244
65 	 0.4781406149248171
66 	 0.4781406149248171
67 	 0.47904037021628887
68 	 0.4831043664759894
69 	 0.48323499151680976
70 	 0.4885386165152208
71 	 0.4906754381171419
72 	 0.49440689891019063
73 	 0.49639193930579595
74 	 0.4984562751756207
75 	 0.5031686210870971
76 	 0.5031686210870971
77 	 0.508253153237145
78 	 0.5137394049515988
79 	 0.5137394049515988
80 	 0.5182459688598999
81 	 0.5196175317885134
82 	 0.5196175317885134
83 	 0.5233403454518927
84 	 0.528304097003065
85 	 0.5328106609113663
86 	 0.5328106609113663
87 	 0.5366640996155658
88 	 0.5366640996155658
89 	 0.5377744124625385
90 	 0.5403869132789452
91 	 0.5403869132789452
92 	 0.5403869132789452
93 	 0.5414972261259179
94 	 0.5414972261259179
95 	 0.5458078524729886
96 	 0.5469181653199613
97 	 0.5469181653199613
98 	 0.5469181653199613
99 	 0.5495959786567781
100 	 0.5513594167078524
101 	 0.5513594167078524
102 	 0.5548862928100012
103 	 0.5556700430549232
104 	 0.5617429050127171
105 	 0.5617429050127171
106 	 0.5617429050127171
107 	 0.5617429050127171
108 	 0.5617429050127171
109 	 0.5617429050127171
110 	 0.5617429050127171
111 	 0.5617429050127171
112 	 0.5617429050127171
113 	 0.5617429050127171
114 	 0.5651391560740455
115 	 0.5651391560740455
116 	 0.5651391560740455
117 	 0.5651391560740455
118 	 0.5669679066455301
119 	 0.5669679066455301
0 	 0.02592280528879476
1 	 0.03799314058180947
2 	 0.04066274141188808
3 	 0.051068125646707374
4 	 0.06901119840978298
5 	 0.07291969942609666
6 	 0.08882961415129209
7 	 0.09719225774741003
8 	 0.11581067130455114
9 	 0.12025734277272826
10 	 0.13242227204533874
11 	 0.13369060779115627
12 	 0.14515821352532043
13 	 0.1460367037177127
14 	 0.1585105985644042
15 	 0.1641641569646778
16 	 0.17761128195123188
17 	 0.19297099843443755
18 	 0.19669381209781678
19 	 0.20415129333010162
20 	 0.20985751379360962
21 	 0.2192497597316666
22 	 0.23525132723215647
23 	 0.23686101215006683
24 	 0.25255914514084954
25 	 0.2601122694160847
26 	 0.26674848171462084
27 	 0.2819919637534892
28 	 0.2849963396923567
29 	 0.30119384475407696
30 	 0.30686498714746513
31 	 0.31967728803015305
32 	 0.3247716646221457
33 	 0.33599437125039766
34 	 0.3410887478423904
35 	 0.34823880787606076
36 	 0.3507550008630944
37 	 0.3641551144294738
38 	 0.3691731316187603
39 	 0.3691731316187603
40 	 0.37544313357813586
41 	 0.38036470070124184
42 	 0.38616122839716394
43 	 0.39311716182598955
44 	 0.3971879974641854
45 	 0.40405001751778713
46 	 0.41058126955880336
47 	 0.410930960253198
48 	 0.4141081456609522
49 	 0.41789627184474165
50 	 0.41926362936282036
51 	 0.4255989438426061
52 	 0.4298442576692667
53 	 0.43206488336321225
54 	 0.4384233259353417
55 	 0.44068613605735374
56 	 0.4521811396495423
57 	 0.4563611409557927
58 	 0.45740614128235535
59 	 0.4576905194563397
60 	 0.46291552108915274
61 	 0.4672261474362235
62 	 0.4716442707317708
63 	 0.4717327113445247
64 	 0.4760433376915954
65 	 0.4779975325774739
66 	 0.4802233389978458
67 	 0.4821775338837243
68 	 0.4821775338837243
69 	 0.48459927786532675
70 	 0.4861615976287442
71 	 0.4865534727512052
72 	 0.4898844112921235
73 	 0.490738654783882
74 	 0.4954359755269873
75 	 0.4984455321922812
76 	 0.5030775404149763
77 	 0.5030775404149763
78 	 0.5060819163538438
79 	 0.5103977234273409
80 	 0.5105283484681613
81 	 0.5105283484681613
82 	 0.5148991066092158
83 	 0.5169289754683573
84 	 0.5183658509173807
85 	 0.5188831703542357
86 	 0.5223499146624007
87 	 0.5230683523869125
88 	 0.5230683523869125
89 	 0.528489291580956
90 	 0.5290771042646475
91 	 0.5290771042646475
92 	 0.5321467927239252
93 	 0.534498043458691
94 	 0.534498043458691
95 	 0.5381555446016602
96 	 0.5381555446016602
97 	 0.5381555446016602
98 	 0.5381555446016602
99 	 0.5381555446016602
100 	 0.5381555446016602
101 	 0.5381555446016602
102 	 0.5415517956629885
103 	 0.5415517956629885
104 	 0.5439671564778134
105 	 0.5439671564778134
106 	 0.5439671564778134
107 	 0.5451796919841296
108 	 0.5495187207126772
109 	 0.5495187207126772
110 	 0.5495187207126772
111 	 0.5514729155985556
112 	 0.5514729155985556
113 	 0.5514729155985556
114 	 0.5514729155985556
115 	 0.5514729155985556
116 	 0.5514729155985556
117 	 0.5514729155985556
118 	 0.5552610417823451
119 	 0.5552610417823451
0 	 0.031379888864535244
1 	 0.04585442882629742
2 	 0.05164413432393378
3 	 0.06743240013094498
4 	 0.0777414121965534
5 	 0.09094490747860351
6 	 0.09943775363623508
7 	 0.10420275163212189
8 	 0.11426087977528687
9 	 0.12336498489559988
10 	 0.13023732362174367
11 	 0.14561519334519213
12 	 0.16571737718904245
13 	 0.1680033154033982
14 	 0.17410683580657493
15 	 0.19336770141488513
16 	 0.19336770141488513
17 	 0.2007689018495744
18 	 0.20578102155296019
19 	 0.21311633561533416
20 	 0.23184732356287596
21 	 0.23184732356287596
22 	 0.24219452318659762
23 	 0.25440024977577036
24 	 0.2647849405209862
25 	 0.28143963322557775
26 	 0.287970885266594
27 	 0.2971825882791225
28 	 0.2981295456811168
29 	 0.30664221850559426
30 	 0.3165794902773915
31 	 0.3217655899609426
32 	 0.32967063690021947
33 	 0.33306688796154793
34 	 0.33368036542853985
35 	 0.3388797022780524
36 	 0.34564356185991385
37 	 0.3574705489398986
38 	 0.35848586470524924
39 	 0.371080993344573
40 	 0.3723219312323661
41 	 0.38146568408978887
42 	 0.38146568408978887
43 	 0.39297309398612545
44 	 0.3968496607826688
45 	 0.4049252852211853
46 	 0.4146568507622995
47 	 0.4151793509255808
48 	 0.41925433008561663
49 	 0.42236372817069867
50 	 0.42713154216064053
51 	 0.42954810541581656
52 	 0.4319646686709926
53 	 0.43797342054872757
54 	 0.4380249920390369
55 	 0.4456802979571267
56 	 0.4533218628451158
57 	 0.45351780040634626
58 	 0.4558690511411121
59 	 0.4597224898453117
60 	 0.46364124106992144
61 	 0.4684115298621253
62 	 0.4684115298621253
63 	 0.4684115298621253
64 	 0.4746815318215009
65 	 0.4746815318215009
66 	 0.4750501852889116
67 	 0.4792534082502123
68 	 0.4835408129422327
69 	 0.48728684826066226
70 	 0.494905191493601
71 	 0.4956236292181128
72 	 0.4956236292181128
73 	 0.4987817582901443
74 	 0.5007180058101055
75 	 0.5048326945959457
76 	 0.5061389450041489
77 	 0.5102536337899892
78 	 0.5103189463103994
79 	 0.5144336350962396
80 	 0.519397386647412
81 	 0.519397386647412
82 	 0.519397386647412
83 	 0.5218973425297103
84 	 0.5232739534439553
85 	 0.5237080129944827
86 	 0.5237080129944827
87 	 0.527430826657862
88 	 0.527430826657862
89 	 0.5326136438626086
90 	 0.5326136438626086
91 	 0.5326136438626086
92 	 0.5348330671162027
93 	 0.5363364575259879
94 	 0.5363364575259879
95 	 0.5409724440347581
96 	 0.5409724440347581
97 	 0.5409724440347581
98 	 0.5424758344445431
99 	 0.5424758344445431
100 	 0.5424758344445431
101 	 0.5424758344445431
102 	 0.5424758344445431
103 	 0.5424758344445431
104 	 0.5424758344445431
105 	 0.554101463077552
106 	 0.554101463077552
107 	 0.554101463077552
108 	 0.554101463077552
109 	 0.5584774019450329
110 	 0.5584774019450329
111 	 0.5584774019450329
112 	 0.5627880282921037
113 	 0.5627880282921037
114 	 0.5627880282921037
115 	 0.5627880282921037
116 	 0.5668941022711393
117 	 0.5668941022711393
118 	 0.5668941022711393
119 	 0.5668941022711393
0 	 0.02621525308990247
1 	 0.032093379926817045
2 	 0.05459500174885612
3 	 0.05912275512002296
4 	 0.06513150699775783
5 	 0.08079585025759828
6 	 0.0874604658431486
7 	 0.09648178493677662
8 	 0.10571474315296814
9 	 0.11426694038413743
10 	 0.14495329694640613
11 	 0.14495329694640613
12 	 0.15396692905592557
13 	 0.1647584125852063
14 	 0.1819860003118854
15 	 0.19770138532530723
16 	 0.21024372062226304
17 	 0.21181122111210693
18 	 0.23483065572354422
19 	 0.24560722159122106
20 	 0.2502149831132825
21 	 0.25735723781902875
22 	 0.27320499029765977
23 	 0.27901780461416426
24 	 0.2842722336740373
25 	 0.2946636762327939
26 	 0.30468562513535813
27 	 0.3108544294809735
28 	 0.32156568282824016
29 	 0.33031756056320194
30 	 0.3386481357486427
31 	 0.3448528251876082
32 	 0.35840194433957184
33 	 0.35840194433957184
34 	 0.36682725947248285
35 	 0.37538319964621414
36 	 0.3789753882687731
37 	 0.38341663965666417
38 	 0.3917113297487548
39 	 0.3917113297487548
40 	 0.40216133301438084
41 	 0.40216133301438084
42 	 0.41221946115754593
43 	 0.41770571287199953
44 	 0.420710088810867
45 	 0.42998446670911017
46 	 0.4340338429745402
47 	 0.43860571940325155
48 	 0.4434388459136036
49 	 0.44716165957698295
50 	 0.44853322250559635
51 	 0.4562400999139955
52 	 0.45655506839167564
53 	 0.4606160387814764
54 	 0.4621835392713203
55 	 0.46237947683255076
56 	 0.4662329155367504
57 	 0.46753916594495365
58 	 0.47237229245530565
59 	 0.47993749794058865
60 	 0.48150499843043254
61 	 0.48568499973668294
62 	 0.48568499973668294
63 	 0.48921187583883174
64 	 0.49130187649195695
65 	 0.49195500169605855
66 	 0.49548187779820735
67 	 0.4975065659309224
68 	 0.5013831327274657
69 	 0.5067156313087553
70 	 0.5067156313087553
71 	 0.5067156313087553
72 	 0.5068040719215092
73 	 0.511026257655826
74 	 0.513158349174311
75 	 0.5134165568866647
76 	 0.5148143838396155
77 	 0.5174689755213818
78 	 0.5175574161341356
79 	 0.5227159963688939
80 	 0.5230436678485892
81 	 0.5230436678485892
82 	 0.5230436678485892
83 	 0.5254590286634142
84 	 0.5267664815119686
85 	 0.5267664815119686
86 	 0.5267664815119686
87 	 0.5267664815119686
88 	 0.5267664815119686
89 	 0.5267664815119686
90 	 0.5267664815119686
91 	 0.5267664815119686
92 	 0.5267664815119686
93 	 0.5267664815119686
94 	 0.5267664815119686
95 	 0.527149741827625
96 	 0.5308725554910042
97 	 0.5308725554910042
98 	 0.5308725554910042
99 	 0.5328267503768829
100 	 0.5328267503768829
101 	 0.5328267503768829
102 	 0.5328267503768829
103 	 0.5370119324095595
104 	 0.5370119324095595
105 	 0.5389661272954382
106 	 0.5389661272954382
107 	 0.542432871603603
108 	 0.542432871603603
109 	 0.542432871603603
110 	 0.5443870664894817
111 	 0.5443870664894817
112 	 0.5443870664894817
113 	 0.5443870664894817
114 	 0.5443870664894817
115 	 0.548049748358877
116 	 0.5500039432447557
117 	 0.5500039432447557
118 	 0.5544503753590729
119 	 0.5564045702449516
0 	 0.028150131760338315
1 	 0.04930026767667095
2 	 0.07882152690206445
3 	 0.08423245525501166
4 	 0.08991955802419183
5 	 0.10948024988416849
6 	 0.12450952905827761
7 	 0.14183982655485616
8 	 0.1625338872682761
9 	 0.1625338872682761
10 	 0.16589719831075678
11 	 0.17709857931974238
12 	 0.188786288521672
13 	 0.1976509645647876
14 	 0.20834006808207828
15 	 0.21623508956594473
16 	 0.24699728667913134
17 	 0.24699728667913134
18 	 0.26064506497050477
19 	 0.27029338659972235
20 	 0.2717009610265343
21 	 0.2830549928630045
22 	 0.28815971616989533
23 	 0.3040059213181837
24 	 0.3040059213181837
25 	 0.3152644121401128
26 	 0.31913836441092447
27 	 0.32876820570419873
28 	 0.3390875839290044
29 	 0.3438367083590472
30 	 0.3528381189545877
31 	 0.3695344926269578
32 	 0.3718460956246139
33 	 0.38368712150869744
34 	 0.39198181160078815
35 	 0.39198181160078815
36 	 0.4034316907198322
37 	 0.411043828180761
38 	 0.414992006832431
39 	 0.419041383097861
40 	 0.4247235723735452
41 	 0.4267841455996102
42 	 0.42785857335323296
43 	 0.42860013917008855
44 	 0.4356013358549822
45 	 0.4373288888127066
46 	 0.44203139028223826
47 	 0.44203139028223826
48 	 0.44441852611035415
49 	 0.4452675888756863
50 	 0.4517629558233525
51 	 0.45829420786436875
52 	 0.45829420786436875
53 	 0.46325795941554115
54 	 0.46325795941554115
55 	 0.4646948348645647
56 	 0.4679604608850728
57 	 0.4727935873954249
58 	 0.4737646603947727
59 	 0.4777573389465972
60 	 0.4777573389465972
61 	 0.4818634129256329
62 	 0.48317827814064074
63 	 0.4872843521196764
64 	 0.4872843521196764
65 	 0.48737279273243017
66 	 0.4886645298550944
67 	 0.49277060383413007
68 	 0.49285904444688383
69 	 0.49285904444688383
70 	 0.49285904444688383
71 	 0.49512045701166085
72 	 0.49512045701166085
73 	 0.49512045701166085
74 	 0.49512045701166085
75 	 0.49512045701166085
76 	 0.49512045701166085
77 	 0.49512045701166085
78 	 0.4963433147927418
79 	 0.4963433147927418
80 	 0.49727152537555785
81 	 0.49930045831791126
82 	 0.49930045831791126
83 	 0.5034109022941131
84 	 0.5034109022941131
85 	 0.504899254966473
86 	 0.5065943381278504
87 	 0.509009698942675
88 	 0.509009698942675
89 	 0.509009698942675
90 	 0.5124059500040035
91 	 0.5154115283832224
92 	 0.5154115283832224
93 	 0.517826889198047
94 	 0.517826889198047
95 	 0.5179575142388673
96 	 0.5220068905042974
97 	 0.5220068905042974
98 	 0.5220068905042974
99 	 0.5220068905042974
100 	 0.52710126709629
101 	 0.52710126709629
102 	 0.52710126709629
103 	 0.52710126709629
104 	 0.5308240807596694
105 	 0.5308240807596694
106 	 0.5308240807596694
107 	 0.5308240807596694
108 	 0.5308240807596694
109 	 0.5308240807596694
110 	 0.5308240807596694
111 	 0.5338541214818373
112 	 0.5344162693822283
113 	 0.5344162693822283
114 	 0.536370464268107
115 	 0.536370464268107
116 	 0.536370464268107
117 	 0.536370464268107
118 	 0.536370464268107
119 	 0.536370464268107
0 	 0.03174188491933905
1 	 0.03958439624133625
2 	 0.06401171433829533
3 	 0.06401171433829533
4 	 0.07204515434874537
5 	 0.08842858871509451
6 	 0.09901505253409304
7 	 0.10900203264429575
8 	 0.12486007136665311
9 	 0.1264928843769072
10 	 0.1362897624384316
11 	 0.14363464379202695
12 	 0.1528461839721219
13 	 0.15797351921460567
14 	 0.18268584307753233
15 	 0.18288178063876281
16 	 0.2005518341894088
17 	 0.20987187748445213
18 	 0.22069772995624692
19 	 0.2265758567931616
20 	 0.23709117257919776
21 	 0.2486295053565154
22 	 0.2624147898255934
23 	 0.2742374404926202
24 	 0.2742374404926202
25 	 0.2904536877483991
26 	 0.2904536877483991
27 	 0.3050205983041757
28 	 0.31014409491494155
29 	 0.3200110480213365
30 	 0.32690875937027164
31 	 0.33702662053942634
32 	 0.3419903720905987
33 	 0.3471500612030015
34 	 0.35492225113181086
35 	 0.36203028789875435
36 	 0.36601845658648235
37 	 0.38895007426550565
38 	 0.39313007557175605
39 	 0.39417507589831857
40 	 0.39737538939841655
41 	 0.40286164111287026
42 	 0.41977758389910236
43 	 0.41977758389910236
44 	 0.42304320991961053
45 	 0.4287907117157048
46 	 0.4308153998484199
47 	 0.43826102717517834
48 	 0.4413281789434994
49 	 0.4446616541753743
50 	 0.44942946816531615
51 	 0.45334682183269087
52 	 0.4558818241126698
53 	 0.4644091634315873
54 	 0.4714629156358849
55 	 0.47692003407052913
56 	 0.47903916800346374
57 	 0.47903916800346374
58 	 0.47995354328920603
59 	 0.4826313566260227
60 	 0.48560659928508076
61 	 0.4887596866622819
62 	 0.49124156243786815
63 	 0.49261312536648155
64 	 0.4973809393564234
65 	 0.4973809393564234
66 	 0.5022793783871856
67 	 0.506459379693436
68 	 0.5103128183976355
69 	 0.515668445071269
70 	 0.515668445071269
71 	 0.5198484463775194
72 	 0.5198484463775194
73 	 0.5252693855715629
74 	 0.5252693855715629
75 	 0.5276847463863875
76 	 0.5328456379391417
77 	 0.5328456379391417
78 	 0.5328456379391417
79 	 0.5352609987539664
80 	 0.5352609987539664
81 	 0.5352609987539664
82 	 0.5389184998969355
83 	 0.5389184998969355
84 	 0.5389184998969355
85 	 0.5407484529087714
86 	 0.5431638137235961
87 	 0.5431638137235961
88 	 0.5431638137235961
89 	 0.5489113155196904
90 	 0.5489113155196904
91 	 0.5489113155196904
92 	 0.5489113155196904
93 	 0.5542669421933237
94 	 0.5542669421933237
95 	 0.5542669421933237
96 	 0.5542669421933237
97 	 0.5586428810608046
98 	 0.5586428810608046
99 	 0.5586428810608046
100 	 0.5586428810608046
101 	 0.5586428810608046
102 	 0.5586428810608046
103 	 0.5586428810608046
104 	 0.5627489550398403
105 	 0.5627489550398403
106 	 0.5627489550398403
107 	 0.5627489550398403
108 	 0.5627489550398403
109 	 0.5627489550398403
110 	 0.5627489550398403
111 	 0.5627489550398403
112 	 0.5627489550398403
113 	 0.5627489550398403
114 	 0.5627489550398403
115 	 0.5627489550398403
116 	 0.5627489550398403
117 	 0.5667983313052704
118 	 0.5667983313052704
119 	 0.5667983313052704
0 	 0.027943750478948037
1 	 0.031998208525814476
2 	 0.049347510876576295
3 	 0.06370447148496361
4 	 0.06904284837416708
5 	 0.08339371459558254
6 	 0.09599276572070414
7 	 0.10798409655407659
8 	 0.11845498346372885
9 	 0.12904274490271983
10 	 0.156408690954578
11 	 0.156408690954578
12 	 0.16561775633241094
13 	 0.17770057260829109
14 	 0.17927653201909965
15 	 0.19469249149662426
16 	 0.20342293466555628
17 	 0.21335119791114365
18 	 0.23002095629989583
19 	 0.2378433930649546
20 	 0.25653783958642185
21 	 0.2767847209135723
22 	 0.2767847209135723
23 	 0.2773936745053477
24 	 0.29363895711342103
25 	 0.29363895711342103
26 	 0.3032993308316463
27 	 0.3193696153527632
28 	 0.3298173452499372
29 	 0.3298173452499372
30 	 0.3367566344944156
31 	 0.3509132893424197
32 	 0.3569896271090168
33 	 0.36731928811234493
34 	 0.36823366339808716
35 	 0.372335796036953
36 	 0.37743017262894574
37 	 0.3823286116597079
38 	 0.39675907273632705
39 	 0.3972815728996083
40 	 0.40218001193037056
41 	 0.4058375130733396
42 	 0.41073595210410185
43 	 0.41073595210410185
44 	 0.4145240782878913
45 	 0.4236421663620136
46 	 0.4273547597153433
47 	 0.42921939538017784
48 	 0.4311735902660563
49 	 0.434970659820032
50 	 0.43699534795274697
51 	 0.43924163842999286
52 	 0.43924163842999286
53 	 0.44222034958556
54 	 0.44547629985800885
55 	 0.4508921994684292
56 	 0.45534816618800267
57 	 0.4588353945530417
58 	 0.46527566929034747
59 	 0.47030473336192996
60 	 0.47030473336192996
61 	 0.4759093607945566
62 	 0.47614495488612363
63 	 0.47699154284919376
64 	 0.47938317369894257
65 	 0.48305335792469156
66 	 0.48958581240605914
67 	 0.4959864394062551
68 	 0.49602561708088666
69 	 0.49602561708088666
70 	 0.5000358156716851
71 	 0.5038239418554746
72 	 0.5038239418554746
73 	 0.5055220673861388
74 	 0.5061751925902405
75 	 0.5116614443046941
76 	 0.5116614443046941
77 	 0.5154495704884836
78 	 0.5187151965089917
79 	 0.5187151965089917
80 	 0.5196973591174061
81 	 0.5226339477336015
82 	 0.5226339477336015
83 	 0.5226339477336015
84 	 0.5226339477336015
85 	 0.5264220739173908
86 	 0.5264220739173908
87 	 0.5264220739173908
88 	 0.5264220739173908
89 	 0.5264220739173908
90 	 0.5264220739173908
91 	 0.5264220739173908
92 	 0.5298183249787194
93 	 0.5298183249787194
94 	 0.5302779874238523
95 	 0.5302779874238523
96 	 0.5302779874238523
97 	 0.535698926617896
98 	 0.5395278396725168
99 	 0.5395278396725168
100 	 0.5422301786589122
101 	 0.5422301786589122
102 	 0.5480429929754167
103 	 0.551831119159206
104 	 0.5522883068020772
105 	 0.5522883068020772
106 	 0.5560764329858667
107 	 0.5560764329858667
108 	 0.5560764329858667
109 	 0.5580306278717453
110 	 0.5580306278717453
111 	 0.5580306278717453
112 	 0.5580306278717453
113 	 0.5580306278717453
114 	 0.5580306278717453
115 	 0.5617534415351245
116 	 0.5617534415351245
117 	 0.5617534415351245
118 	 0.5617534415351245
119 	 0.563848622914676
0 	 0.03016811911545536
1 	 0.053258029826115494
2 	 0.06209138216248877
3 	 0.06209138216248877
4 	 0.07025915594381338
5 	 0.0772438868976465
6 	 0.1035323522540581
7 	 0.11735216247278002
8 	 0.11735216247278002
9 	 0.11819152496464758
10 	 0.13038208443856047
11 	 0.1442927347223758
12 	 0.14473111462311272
13 	 0.16666598864654747
14 	 0.170234955614056
15 	 0.1787989975562878
16 	 0.19655590133935164
17 	 0.20301701297483865
18 	 0.2127378075316142
19 	 0.23206462999906086
20 	 0.23295696011364675
21 	 0.24697910630762843
22 	 0.2533797333078244
23 	 0.26040054549327407
24 	 0.2723856767471817
25 	 0.2891359827602451
26 	 0.2891359827602451
27 	 0.2941101351372333
28 	 0.29969867967520514
29 	 0.31217965811969195
30 	 0.3128851292830118
31 	 0.3205761470134251
32 	 0.32202279113190113
33 	 0.32929153846715453
34 	 0.34120257665567755
35 	 0.3474958002701035
36 	 0.35227585773175973
37 	 0.3558680463543187
38 	 0.3581539845686744
39 	 0.36592617449748377
40 	 0.36592617449748377
41 	 0.3685386753138902
42 	 0.37853149093664507
43 	 0.3806214915897703
44 	 0.3806214915897703
45 	 0.396646187182604
46 	 0.396646187182604
47 	 0.4023705608863545
48 	 0.40748806557069106
49 	 0.41108025419325
50 	 0.4165665059077036
51 	 0.4165665059077036
52 	 0.42022400705067275
53 	 0.4220527576221573
54 	 0.4319149482040918
55 	 0.43269869844901376
56 	 0.4336783862551662
57 	 0.4445202646432532
58 	 0.4445202646432532
59 	 0.4464143277351479
60 	 0.4491522728659484
61 	 0.4491522728659484
62 	 0.45339758669260893
63 	 0.45915026921512964
64 	 0.45915026921512964
65 	 0.4640435275194654
66 	 0.4705799602869081
67 	 0.47208214825634187
68 	 0.47658871216464305
69 	 0.47658871216464305
70 	 0.48037683834843253
71 	 0.48616999097583635
72 	 0.48616999097583635
73 	 0.4880751009500271
74 	 0.4915256176494697
75 	 0.49153666453176575
76 	 0.49343072762366047
77 	 0.4974147913686804
78 	 0.5013878082314043
79 	 0.5013878082314043
80 	 0.5035541682872356
81 	 0.5091710450425097
82 	 0.5123603116603116
83 	 0.5123603116603116
84 	 0.5163443754053315
85 	 0.5226143773647072
86 	 0.5226143773647072
87 	 0.5227450024055275
88 	 0.5227450024055275
89 	 0.5267290661505474
90 	 0.5267290661505474
91 	 0.5267290661505474
92 	 0.5267290661505474
93 	 0.5267290661505474
94 	 0.5267290661505474
95 	 0.5267290661505474
96 	 0.5303865672935164
97 	 0.5303865672935164
98 	 0.5310396924976182
99 	 0.5310396924976182
100 	 0.5310396924976182
101 	 0.5346971936405872
102 	 0.5346971936405872
103 	 0.5373517853223535
104 	 0.5373517853223535
105 	 0.5384853198243766
106 	 0.5384853198243766
107 	 0.5394123585484186
108 	 0.5411399115061428
109 	 0.543200484732208
110 	 0.5435552723209677
111 	 0.5435552723209677
112 	 0.5456158455470328
113 	 0.5456158455470328
114 	 0.5497599617599331
115 	 0.5497958468532831
116 	 0.5497958468532831
117 	 0.5534827754233125
118 	 0.5576627767295628
119 	 0.5576627767295628
0 	 0.028606883939651273
1 	 0.04996865916328608
2 	 0.05946885369041688
3 	 0.05946885369041688
4 	 0.07752053451977314
5 	 0.08794511258924786
6 	 0.10508241813286168
7 	 0.1101069011549326
8 	 0.13184437632714585
9 	 0.13184437632714585
10 	 0.14973308948896136
11 	 0.16065155458427594
12 	 0.17867781021748086
13 	 0.1825358299711921
14 	 0.1910196382091478
15 	 0.19345232854272676
16 	 0.2074108741801579
17 	 0.21973510201846314
18 	 0.22348920023279317
19 	 0.23336935636896095
20 	 0.24133956842301485
21 	 0.25098515798784415
22 	 0.25555673506161347
23 	 0.28116040404374487
24 	 0.28116040404374487
25 	 0.2922635325134725
26 	 0.3005431742187521
27 	 0.30276132511043563
28 	 0.3162071258177267
29 	 0.3162071258177267
30 	 0.3276897039201778
31 	 0.3276897039201778
32 	 0.33086075727361663
33 	 0.34016439531851883
34 	 0.34016439531851883
35 	 0.35806002591090336
36 	 0.35806002591090336
37 	 0.360396519665543
38 	 0.3646418334922036
39 	 0.3660462335076553
40 	 0.36992237897597413
41 	 0.3717103426766274
42 	 0.37416769280263473
43 	 0.37908103212539646
44 	 0.3830501955784169
45 	 0.3890589474561519
46 	 0.3975413473091288
47 	 0.4015907235745588
48 	 0.4015907235745588
49 	 0.4015907235745588
50 	 0.40727291285024303
51 	 0.4106691639115715
52 	 0.41421916810606396
53 	 0.4189638540036621
54 	 0.42236010506499055
55 	 0.42255604262622104
56 	 0.42255604262622104
57 	 0.4315038579224133
58 	 0.4315038579224133
59 	 0.440591685321669
60 	 0.440591685321669
61 	 0.44119323903546115
62 	 0.44876949140304
63 	 0.44876949140304
64 	 0.44876949140304
65 	 0.45236168002559896
66 	 0.45236168002559896
67 	 0.45881387851610433
68 	 0.461229239330929
69 	 0.461229239330929
70 	 0.461229239330929
71 	 0.461229239330929
72 	 0.4634648084953266
73 	 0.46388383101269526
74 	 0.4661276783616912
75 	 0.4697619578496099
76 	 0.4697619578496099
77 	 0.48005418867950794
78 	 0.48005418867950794
79 	 0.48495262771027015
80 	 0.48495262771027015
81 	 0.4911521364228093
82 	 0.4911521364228093
83 	 0.4911521364228093
84 	 0.4927248176390795
85 	 0.4928490595131223
86 	 0.49520151268823936
87 	 0.4969048189453299
88 	 0.49709437333978285
89 	 0.5011437496052129
90 	 0.5011437496052129
91 	 0.5028344627694237
92 	 0.5050602691897956
93 	 0.5072104016369046
94 	 0.5072104016369046
95 	 0.5089790204144053
96 	 0.5111365652279678
97 	 0.5111365652279678
98 	 0.5127018340777847
99 	 0.513152638553878
100 	 0.5167460296167883
101 	 0.5202729057189371
102 	 0.5218455869352074
103 	 0.5240662126291529
104 	 0.5255018856378252
105 	 0.5280502763741728
106 	 0.5325568402824741
107 	 0.5325568402824741
108 	 0.5325568402824741
109 	 0.5373246542724159
110 	 0.5422884058235884
111 	 0.5422884058235884
112 	 0.5422884058235884
113 	 0.5422884058235884
114 	 0.5422884058235884
115 	 0.5422884058235884
116 	 0.5422884058235884
117 	 0.5422884058235884
118 	 0.5422884058235884
119 	 0.5476440324972216
0 	 0.030033074155673023
1 	 0.038742730907374456
2 	 0.05257897439323245
3 	 0.05297084951569342
4 	 0.06897841437725505
5 	 0.08933057737406092
6 	 0.10077641593165132
7 	 0.10077641593165132
8 	 0.12451794101697355
9 	 0.12751605164180135
10 	 0.13137858203905328
11 	 0.1445804849680148
12 	 0.16625966069467712
13 	 0.17703622656235396
14 	 0.1813403675578541
15 	 0.1813403675578541
16 	 0.19602321637638664
17 	 0.20086607071633222
18 	 0.20775422898464224
19 	 0.2171455174551724
20 	 0.22498604913992326
21 	 0.23326221888671195
22 	 0.2531302100285957
23 	 0.25691833621238513
24 	 0.25966146206961205
25 	 0.26686315516559733
26 	 0.27471532804119736
27 	 0.292450565819824
28 	 0.3022474438813484
29 	 0.30295297786854813
30 	 0.31542766926688925
31 	 0.31699516975673314
32 	 0.3327377056798926
33 	 0.34906583578243333
34 	 0.34906583578243333
35 	 0.3535070871703243
36 	 0.3577524009969849
37 	 0.36470743038978415
38 	 0.3693780296299939
39 	 0.38119959582423335
40 	 0.3843999093243313
41 	 0.3857061597325345
42 	 0.39550303779405893
43 	 0.3983865573615586
44 	 0.4006724955759142
45 	 0.40366710284532925
46 	 0.4065506224128289
47 	 0.41321249949466543
48 	 0.4136696871375366
49 	 0.4187542950600768
50 	 0.42469773441740166
51 	 0.4285903692181139
52 	 0.42926961084611304
53 	 0.4297267984889841
54 	 0.4379080144656107
55 	 0.4420447484226073
56 	 0.4461953223017976
57 	 0.44700849997377967
58 	 0.44700849997377967
59 	 0.4665369435764183
60 	 0.46719006878051994
61 	 0.46719006878051994
62 	 0.47045569480102806
63 	 0.4770522593624545
64 	 0.4770522593624545
65 	 0.4770522593624545
66 	 0.48136288570952523
67 	 0.4835835114034708
68 	 0.4894195473750256
69 	 0.49168226393433095
70 	 0.49168226393433095
71 	 0.49566632767935087
72 	 0.49932382882231996
73 	 0.4998463289856013
74 	 0.5070960187511293
75 	 0.5070960187511293
76 	 0.5070960187511293
77 	 0.509511379565954
78 	 0.509511379565954
79 	 0.5119944577818916
80 	 0.5163050841289623
81 	 0.5163050841289623
82 	 0.518720444943787
83 	 0.5224444610475175
84 	 0.5224444610475175
85 	 0.5249852661767362
86 	 0.5267259541147787
87 	 0.5287092822804668
88 	 0.5311246430952915
89 	 0.5321760265886317
90 	 0.5341955339949205
91 	 0.5366108948097452
92 	 0.5366108948097452
93 	 0.5400776391179103
94 	 0.5400776391179103
95 	 0.5420318340037886
96 	 0.5420318340037886
97 	 0.5420318340037886
98 	 0.5420318340037886
99 	 0.5420318340037886
100 	 0.5420318340037886
101 	 0.5420318340037886
102 	 0.5459505852283985
103 	 0.5459505852283985
104 	 0.5459505852283985
105 	 0.5460863909956452
106 	 0.5480405858815236
107 	 0.5513062119020318
108 	 0.5513062119020318
109 	 0.5513062119020318
110 	 0.5531401431999428
111 	 0.5531401431999428
112 	 0.5531401431999428
113 	 0.5550943380858212
114 	 0.5550943380858212
115 	 0.5550943380858212
116 	 0.5550943380858212
117 	 0.5550943380858212
118 	 0.5550943380858212
119 	 0.5550943380858212
0 	 0.020442818888380954
1 	 0.030101010845181686
2 	 0.05446437670803583
3 	 0.05446437670803583
4 	 0.07182502615427366
5 	 0.07928194037696112
6 	 0.09756969944883764
7 	 0.10919532808184662
8 	 0.11309163058296001
9 	 0.13126865910731622
10 	 0.15177538485983477
11 	 0.15177538485983477
12 	 0.168407137300162
13 	 0.17612149838360092
14 	 0.18448150099610172
15 	 0.20049047185757018
16 	 0.2077326779480585
17 	 0.22806604274939812
18 	 0.2292530275605522
19 	 0.2387478686696045
20 	 0.25167473883803915
21 	 0.25167473883803915
22 	 0.26029599153218064
23 	 0.2675456812977087
24 	 0.2715795786635371
25 	 0.2840435660474797
26 	 0.29152038516101586
27 	 0.3009253881000793
28 	 0.3059324070005056
29 	 0.3163391429168777
30 	 0.32561352081512085
31 	 0.32561352081512085
32 	 0.3268494498301364
33 	 0.33205741516457066
34 	 0.34383571400955615
35 	 0.3440266426980092
36 	 0.35533071760174484
37 	 0.35533319240400674
38 	 0.3665666896166032
39 	 0.3665666896166032
40 	 0.3665666896166032
41 	 0.3772445326727818
42 	 0.38171945064971247
43 	 0.3901110991935839
44 	 0.3943564130202445
45 	 0.4029123531939758
46 	 0.409443605234992
47 	 0.4163667323984692
48 	 0.4163667323984692
49 	 0.4237470472048176
50 	 0.4290373613580408
51 	 0.4290373613580408
52 	 0.432189964903682
53 	 0.4336745503071623
54 	 0.4338051753479827
55 	 0.44144674023597175
56 	 0.44418986609319855
57 	 0.4472338897691758
58 	 0.4474554921137066
59 	 0.45324264164691064
60 	 0.45816674546097336
61 	 0.45816674546097336
62 	 0.46371830969583716
63 	 0.46371830969583716
64 	 0.46454170767786884
65 	 0.4675064358796266
66 	 0.4698576866143924
67 	 0.4698576866143924
68 	 0.4706810845964241
69 	 0.47446921078021354
70 	 0.47655921143333874
71 	 0.48034733761712817
72 	 0.48034733761712817
73 	 0.48544171420912086
74 	 0.49188312808014817
75 	 0.49188312808014817
76 	 0.49667546771966886
77 	 0.49667546771966886
78 	 0.5007248439850989
79 	 0.5007248439850989
80 	 0.503990470005607
81 	 0.503990470005607
82 	 0.503990470005607
83 	 0.5114348948920142
84 	 0.5114348948920142
85 	 0.5114348948920142
86 	 0.5114348948920142
87 	 0.516529271484007
88 	 0.516529271484007
89 	 0.516529271484007
90 	 0.516529271484007
91 	 0.516529271484007
92 	 0.516529271484007
93 	 0.516529271484007
94 	 0.516529271484007
95 	 0.516529271484007
96 	 0.516529271484007
97 	 0.516529271484007
98 	 0.519794897504515
99 	 0.5203173976677964
100 	 0.5203173976677964
101 	 0.5240402113311756
102 	 0.5240402113311756
103 	 0.5240402113311756
104 	 0.527828337514965
105 	 0.529003962882348
106 	 0.5310939635354732
107 	 0.5322695889028561
108 	 0.5365149027295166
109 	 0.5365149027295166
110 	 0.5365149027295166
111 	 0.540237716392896
112 	 0.5439605300562753
113 	 0.5439605300562753
114 	 0.5442217801379159
115 	 0.5479445938012952
116 	 0.5479445938012952
117 	 0.5516020949442643
118 	 0.5516020949442643
119 	 0.5516020949442643
0 	 0.020824008777840075
1 	 0.036469318794297934
2 	 0.04045560104362822
3 	 0.06229967774260359
4 	 0.07300466577583065
5 	 0.09211153937402705
6 	 0.09211153937402705
7 	 0.10084272361938562
8 	 0.12245115703405318
9 	 0.12872115899342884
10 	 0.14897012802679055
11 	 0.15869960586169352
12 	 0.17046713372234001
13 	 0.17940614963397694
14 	 0.1850287793873331
15 	 0.19629748151367654
16 	 0.21808273005086143
17 	 0.21867200429205702
18 	 0.23292903132679943
19 	 0.24585295752932856
20 	 0.2473002606192971
21 	 0.26595293515201357
22 	 0.27469815128635633
23 	 0.28369556532436013
24 	 0.2943415184775725
25 	 0.3076386018373424
26 	 0.3076386018373424
27 	 0.32539087225922547
28 	 0.32539087225922547
29 	 0.3317595751587742
30 	 0.3327315393284642
31 	 0.3462908787904776
32 	 0.3462908787904776
33 	 0.35667556953569346
34 	 0.3656592480539105
35 	 0.36822214461819147
36 	 0.36822214461819147
37 	 0.38014842914624225
38 	 0.38452436801372314
39 	 0.3906637449322784
40 	 0.40405281161636175
41 	 0.4076450002389207
42 	 0.4076450002389207
43 	 0.4134578145554252
44 	 0.41541719016773004
45 	 0.41972781651480073
46 	 0.42266687993325813
47 	 0.4292497034645838
48 	 0.4345537586479077
49 	 0.4467671999646081
50 	 0.4467671999646081
51 	 0.45360179295262487
52 	 0.4574131407914646
53 	 0.4574131407914646
54 	 0.461593142097715
55 	 0.4651200181998638
56 	 0.4651200181998638
57 	 0.4727359183045524
58 	 0.4727359183045524
59 	 0.4778302948965451
60 	 0.47876779827463123
61 	 0.487519676009593
62 	 0.487519676009593
63 	 0.487519676009593
64 	 0.4889334233662727
65 	 0.4928099901628162
66 	 0.49764311667316824
67 	 0.4985764547319266
68 	 0.5004283333957548
69 	 0.5035212435100829
70 	 0.5102428702357668
71 	 0.5114008368246621
72 	 0.5150583379676312
73 	 0.5150583379676312
74 	 0.5209364648045458
75 	 0.5259410032265496
76 	 0.5259410032265496
77 	 0.5259410032265496
78 	 0.5279138576061373
79 	 0.5287086547333553
80 	 0.5289699048149958
81 	 0.5318191300634643
82 	 0.5337733249493428
83 	 0.5337733249493428
84 	 0.5354766312064333
85 	 0.5354766312064333
86 	 0.537430826092312
87 	 0.537430826092312
88 	 0.5418067649597929
89 	 0.5418067649597929
90 	 0.5418067649597929
91 	 0.5418067649597929
92 	 0.5456602036639924
93 	 0.55023726081913
94 	 0.55023726081913
95 	 0.5521914557050087
96 	 0.555979581888798
97 	 0.5576123948990521
98 	 0.5614005210828416
99 	 0.5614005210828416
100 	 0.5614005210828416
101 	 0.5617184688780879
102 	 0.5637569525440338
103 	 0.5655065950618772
104 	 0.5678630265230693
105 	 0.5678630265230693
106 	 0.569817221408948
107 	 0.569817221408948
108 	 0.5715858401864486
109 	 0.5735400350723272
110 	 0.5735400350723272
111 	 0.5735400350723272
112 	 0.5735400350723272
113 	 0.5740012010012734
114 	 0.5789609742663707
115 	 0.5789609742663707
116 	 0.5789609742663707
117 	 0.5813763350811954
118 	 0.5823572253276992
119 	 0.5823572253276992
0 	 0.026898257361661182
1 	 0.033234064632171156
2 	 0.05315692183162113
3 	 0.058640635071724456
4 	 0.07303768458147897
5 	 0.08300614476017176
6 	 0.09776283479741188
7 	 0.11275609786726104
8 	 0.11853894623176742
9 	 0.12179529128676803
10 	 0.1423152130969373
11 	 0.14795574881584506
12 	 0.16775646396391364
13 	 0.18565209455629827
14 	 0.19359669040165428
15 	 0.20951659385379762
16 	 0.2283113616497644
17 	 0.22985681696845217
18 	 0.24881841069821597
19 	 0.26303739228878487
20 	 0.264986945335699
21 	 0.27570802124835647
22 	 0.28630101895137827
23 	 0.2917219581454218
24 	 0.2981627606295595
25 	 0.30664822453128715
26 	 0.3218007292664449
27 	 0.3325391915364614
28 	 0.33767321586556376
29 	 0.34129106927142316
30 	 0.3484776650208513
31 	 0.35138977581451036
32 	 0.35589540905999917
33 	 0.36471259931537114
34 	 0.36872454634800167
35 	 0.3750319775401768
36 	 0.3750319775401768
37 	 0.38032229169340004
38 	 0.3855379177061523
39 	 0.38593916844867393
40 	 0.4024654546167553
41 	 0.4024654546167553
42 	 0.4024654546167553
43 	 0.4066454559230057
44 	 0.40775576876997854
45 	 0.4136338956068931
46 	 0.4157238962600184
47 	 0.4165729590253505
48 	 0.42225375074379956
49 	 0.4263045245664647
50 	 0.4310723385564066
51 	 0.4320952937118129
52 	 0.43823467063036825
53 	 0.439692193693313
54 	 0.4457009455710479
55 	 0.4480535938630489
56 	 0.4481420344758028
57 	 0.4545848459040651
58 	 0.4564135964755497
59 	 0.45869953468990543
60 	 0.46425109892476923
61 	 0.46425109892476923
62 	 0.4685617252718399
63 	 0.4731336017005513
64 	 0.4756154774761375
65 	 0.4759420400781883
66 	 0.4805139165068997
67 	 0.48234266707838425
68 	 0.48279985472125536
69 	 0.486261418302994
70 	 0.49057204465006476
71 	 0.49464454900783855
72 	 0.49464454900783855
73 	 0.49475204595631517
74 	 0.49882455031408895
75 	 0.49882455031408895
76 	 0.49882455031408895
77 	 0.49882455031408895
78 	 0.49882455031408895
79 	 0.49882455031408895
80 	 0.49882455031408895
81 	 0.49882455031408895
82 	 0.5029306242931246
83 	 0.5029306242931246
84 	 0.5029306242931246
85 	 0.5029306242931246
86 	 0.5029306242931246
87 	 0.5067187504769141
88 	 0.5067187504769141
89 	 0.5067187504769141
90 	 0.5093965638137308
91 	 0.5127928148750591
92 	 0.5185403166711535
93 	 0.5185403166711535
94 	 0.519585316997716
95 	 0.5225243804161734
96 	 0.5253328187938104
97 	 0.5253328187938104
98 	 0.5291209449775999
99 	 0.5291209449775999
100 	 0.5291209449775999
101 	 0.5325171960389283
102 	 0.5325171960389283
103 	 0.5325171960389283
104 	 0.5325171960389283
105 	 0.5325171960389283
106 	 0.5361746971818975
107 	 0.5361746971818975
108 	 0.5361746971818975
109 	 0.5361746971818975
110 	 0.5361746971818975
111 	 0.5361746971818975
112 	 0.5361746971818975
113 	 0.5361746971818975
114 	 0.5361746971818975
115 	 0.5361746971818975
116 	 0.5361746971818975
117 	 0.5397668858044564
118 	 0.5397668858044564
119 	 0.5397668858044564
0 	 0.025204790318729797
1 	 0.025204790318729797
2 	 0.037015028825524765
3 	 0.04649667197244289
4 	 0.05403090018171597
5 	 0.0748002816721477
6 	 0.08200401245220035
7 	 0.09188082784259322
8 	 0.10592091852581365
9 	 0.1185534917678458
10 	 0.1293210306546536
11 	 0.14818647872560753
12 	 0.1514878523513572
13 	 0.17680313133471115
14 	 0.17680313133471115
15 	 0.18908339068918667
16 	 0.20491622955119593
17 	 0.22339967282727202
18 	 0.23032279999074923
19 	 0.23218184671267939
20 	 0.25517185389705666
21 	 0.26226284097562913
22 	 0.2705878272181653
23 	 0.282474705932815
24 	 0.28600158203496373
25 	 0.289332520575882
26 	 0.2978784524930117
27 	 0.31355712197729557
28 	 0.31662314585072837
29 	 0.31807002955635355
30 	 0.3342611909473171
31 	 0.33635729568405004
32 	 0.3498672187395012
33 	 0.3567250333825682
34 	 0.36175409745415077
35 	 0.3624375234463142
36 	 0.36547691111753
37 	 0.38541066309792693
38 	 0.388676289118435
39 	 0.388676289118435
40 	 0.3918379263003401
41 	 0.3981331713226114
42 	 0.3981331713226114
43 	 0.39954727851100114
44 	 0.4080606744249561
45 	 0.41160199984636114
46 	 0.4153901260301506
47 	 0.4153901260301506
48 	 0.4195544755767935
49 	 0.4208110652241941
50 	 0.42621635265863
51 	 0.42621635265863
52 	 0.42621635265863
53 	 0.43065121063497236
54 	 0.43065121063497236
55 	 0.4310553622591371
56 	 0.4310553622591371
57 	 0.432225104536365
58 	 0.4364232324044849
59 	 0.4397949634923951
60 	 0.4443125256895567
61 	 0.4443125256895567
62 	 0.4443125256895567
63 	 0.4443235725718526
64 	 0.45319502846533877
65 	 0.456925480723121
66 	 0.4573750297715892
67 	 0.46323111143734746
68 	 0.46741111274359787
69 	 0.47252753450674695
70 	 0.47252753450674695
71 	 0.47252753450674695
72 	 0.47440780206541067
73 	 0.47448172939262545
74 	 0.47448172939262545
75 	 0.47858780337166107
76 	 0.47858780337166107
77 	 0.47858780337166107
78 	 0.47858780337166107
79 	 0.483355617361603
80 	 0.4848578053310367
81 	 0.487512397012803
82 	 0.48995736264945566
83 	 0.4932831204639477
84 	 0.4932831204639477
85 	 0.49628749640281516
86 	 0.49628749640281516
87 	 0.5021003107193196
88 	 0.5053659367398278
89 	 0.5053659367398278
90 	 0.5066068746276209
91 	 0.510656250893051
92 	 0.5128820573134227
93 	 0.5156853149646334
94 	 0.5179111213850053
95 	 0.5179712531789892
96 	 0.5179712531789892
97 	 0.522739067168931
98 	 0.52385456074233
99 	 0.52385456074233
100 	 0.5276426869261195
101 	 0.5301846944956896
102 	 0.5301846944956896
103 	 0.5301846944956896
104 	 0.5363240714142449
105 	 0.5363240714142449
106 	 0.5363240714142449
107 	 0.5363240714142449
108 	 0.5363240714142449
109 	 0.5395948781611792
110 	 0.5395948781611792
111 	 0.5395948781611792
112 	 0.5395948781611792
113 	 0.5415490730470578
114 	 0.5415490730470578
115 	 0.5415490730470578
116 	 0.5415490730470578
117 	 0.5415490730470578
118 	 0.5415490730470578
119 	 0.5433830043449688
0 	 0.020834694010841925
1 	 0.03757498918280899
2 	 0.041608692053130336
3 	 0.04846608601774882
4 	 0.05894177247762378
5 	 0.07478676930364758
6 	 0.08645818187667087
7 	 0.09362994819250836
8 	 0.10213422942199912
9 	 0.11628160147748112
10 	 0.12304424420985283
11 	 0.13744859424250944
12 	 0.15429922450833133
13 	 0.16136291563405802
14 	 0.17287254494074378
15 	 0.17287254494074378
16 	 0.18613098658400673
17 	 0.19420072393439303
18 	 0.20565315216349422
19 	 0.21612922337007168
20 	 0.2321670818563949
21 	 0.2433334666895539
22 	 0.24436317996246448
23 	 0.2631378963772498
24 	 0.27921311205633803
25 	 0.27940811732035886
26 	 0.2891406151586827
27 	 0.3021652139279942
28 	 0.30301156997700796
29 	 0.3191392876467023
30 	 0.3269827692435048
31 	 0.33037902030483324
32 	 0.33416834892897396
33 	 0.3559763333224548
34 	 0.3770722774149373
35 	 0.3770722774149373
36 	 0.3770722774149373
37 	 0.40489541110966665
38 	 0.40489541110966665
39 	 0.40489541110966665
40 	 0.4143004140487301
41 	 0.4152916959792532
42 	 0.4152916959792532
43 	 0.42318291682451215
44 	 0.43005232559194995
45 	 0.4318810761634345
46 	 0.43279545144917686
47 	 0.43677647282490983
48 	 0.44128303673321106
49 	 0.44546608040874835
50 	 0.44546608040874835
51 	 0.4482061638966883
52 	 0.45360561981044
53 	 0.4551323334294524
54 	 0.4583296045602635
55 	 0.4588551470928317
56 	 0.46264327327662114
57 	 0.4663660869400004
58 	 0.4681295249910748
59 	 0.4683254625523053
60 	 0.4718523386544541
61 	 0.4718523386544541
62 	 0.47191765117486423
63 	 0.47557515231783337
64 	 0.4769467152464468
65 	 0.47916734094039226
66 	 0.4804735913485955
67 	 0.4841964050119748
68 	 0.4841964050119748
69 	 0.48432703005279515
70 	 0.4880498437161744
71 	 0.48945729173813785
72 	 0.48945729173813785
73 	 0.48945729173813785
74 	 0.4933107304423374
75 	 0.4933107304423374
76 	 0.4974548466552378
77 	 0.49873166963638094
78 	 0.49873166963638094
79 	 0.4998382694540303
80 	 0.5041526088304245
81 	 0.5041526088304245
82 	 0.5070879592195584
83 	 0.5108439133393212
84 	 0.5120517107707308
85 	 0.5134885862197542
86 	 0.5134885862197542
87 	 0.516950149801493
88 	 0.5194320255770791
89 	 0.5264857777813767
90 	 0.5264857777813767
91 	 0.5264857777813767
92 	 0.5318745449113935
93 	 0.5368382964625659
94 	 0.5368382964625659
95 	 0.5368382964625659
96 	 0.5387645316184873
97 	 0.5389604691797177
98 	 0.5392217192613584
99 	 0.5427485953635072
100 	 0.5432710955267885
101 	 0.5432710955267885
102 	 0.5454031870452736
103 	 0.5470592217105779
104 	 0.5497138133923444
105 	 0.5497138133923444
106 	 0.5509779729351877
107 	 0.5509779729351877
108 	 0.5509779729351877
109 	 0.5509779729351877
110 	 0.5545001617891541
111 	 0.5545001617891541
112 	 0.5574206908007435
113 	 0.5574206908007435
114 	 0.5581623501803056
115 	 0.5593748856866221
116 	 0.5593748856866221
117 	 0.5593748856866221
118 	 0.561600692106994
119 	 0.5635548869928724
0 	 0.029980665372574933
1 	 0.04349034884087699
2 	 0.05648286188103668
3 	 0.06014036302400583
4 	 0.0730769205866807
5 	 0.09696883478304619
6 	 0.11878321660004054
7 	 0.11878321660004054
8 	 0.11878321660004054
9 	 0.12771670551828995
10 	 0.13965595383031293
11 	 0.151793546760438
12 	 0.15308998226731818
13 	 0.1750876180663784
14 	 0.17996055808856792
15 	 0.18834981391897654
16 	 0.2052539414319703
17 	 0.20908188112759718
18 	 0.22151675901410084
19 	 0.2437156701852261
20 	 0.24982448755939068
21 	 0.26556480497823987
22 	 0.2781342363240511
23 	 0.2781342363240511
24 	 0.28714106480593715
25 	 0.3052880751523793
26 	 0.3112968270301142
27 	 0.32612276916322114
28 	 0.32612276916322114
29 	 0.33513088810704583
30 	 0.3413355775460113
31 	 0.36126090514388864
32 	 0.36798809474613536
33 	 0.36798809474613536
34 	 0.37125372076664354
35 	 0.37236403361361625
36 	 0.3776905270074402
37 	 0.398750291859322
38 	 0.398750291859322
39 	 0.40038310486957607
40 	 0.4050251955961789
41 	 0.40926560764535813
42 	 0.41066659800103167
43 	 0.4162936950663553
44 	 0.4201471337705549
45 	 0.42380463491352405
46 	 0.42729186327856306
47 	 0.4355865533706538
48 	 0.4355865533706538
49 	 0.4394399920748533
50 	 0.44189620306713906
51 	 0.44538343143217807
52 	 0.448975620054737
53 	 0.4530903088405773
54 	 0.4564865599019058
55 	 0.4619728116163594
56 	 0.4629524994225118
57 	 0.4668353655537715
58 	 0.4719003147187042
59 	 0.4749589562956858
60 	 0.47843156675972043
61 	 0.47843156675972043
62 	 0.4818278178210489
63 	 0.48704177257156583
64 	 0.48704177257156583
65 	 0.491272468497222
66 	 0.491272468497222
67 	 0.4946833374595549
68 	 0.4946833374595549
69 	 0.4946833374595549
70 	 0.49715059533413664
71 	 0.501541152102622
72 	 0.501541152102622
73 	 0.5033045901536963
74 	 0.5033045901536963
75 	 0.5056558408884622
76 	 0.5067008412150248
77 	 0.5096399046334821
78 	 0.5096399046334821
79 	 0.5096399046334821
80 	 0.5133627182968614
81 	 0.5203944253300027
82 	 0.5203944253300027
83 	 0.5254851823098512
84 	 0.5254851823098512
85 	 0.5254851823098512
86 	 0.5270563024118393
87 	 0.5270563024118393
88 	 0.5366610055558928
89 	 0.5366610055558928
90 	 0.5366610055558928
91 	 0.5399266315764009
92 	 0.5412981945050144
93 	 0.5422125697907566
94 	 0.5445638205255224
95 	 0.5486131967909526
96 	 0.5525972605359725
97 	 0.5525972605359725
98 	 0.5525972605359725
99 	 0.5525972605359725
100 	 0.5525972605359725
101 	 0.5567033345150081
102 	 0.5567033345150081
103 	 0.5567033345150081
104 	 0.5587366374545277
105 	 0.5587366374545277
106 	 0.5628427114335635
107 	 0.5628427114335635
108 	 0.564796906319442
109 	 0.564796906319442
110 	 0.564796906319442
111 	 0.5704189638011423
112 	 0.5704189638011423
113 	 0.5704189638011423
114 	 0.5704189638011423
115 	 0.5704189638011423
116 	 0.5704189638011423
117 	 0.5704189638011423
118 	 0.5704189638011423
119 	 0.5704189638011423
0 	 0.026439779468762192
1 	 0.027983637803206785
2 	 0.04634156099556974
3 	 0.056756580236431375
4 	 0.0688765990413861
5 	 0.08079113831938267
6 	 0.09309362522772602
7 	 0.10573818966453974
8 	 0.10902988020780569
9 	 0.12627620014098806
10 	 0.13240751599564005
11 	 0.13839635512644333
12 	 0.14757231230171775
13 	 0.16317573936570695
14 	 0.16838177294369472
15 	 0.18085646434203573
16 	 0.1970215136507204
17 	 0.20329151561009606
18 	 0.2119711366257555
19 	 0.21201851775467928
20 	 0.2234817838024823
21 	 0.23793378220461459
22 	 0.24552811467890556
23 	 0.26056388308579215
24 	 0.27098822156811775
25 	 0.28208444660412324
26 	 0.29488570060451513
27 	 0.30124667986760134
28 	 0.3058092707629373
29 	 0.3100580844555252
30 	 0.31901342784355435
31 	 0.32852164861574884
32 	 0.3389063393609647
33 	 0.3538911097925428
34 	 0.3538911097925428
35 	 0.3538911097925428
36 	 0.3589425677952023
37 	 0.37570584036945776
38 	 0.37794851123455964
39 	 0.38056101205096615
40 	 0.3879192816861582
41 	 0.3896174072168225
42 	 0.395386954184073
43 	 0.4005899106457298
44 	 0.4034636615437769
45 	 0.4088846007378204
46 	 0.4088846007378204
47 	 0.41277768717912966
48 	 0.41966116660549724
49 	 0.41966116660549724
50 	 0.42275290023593115
51 	 0.42480980883560404
52 	 0.43345310670090187
53 	 0.43345310670090187
54 	 0.43815560817043353
55 	 0.44344592232365676
56 	 0.4463307201039999
57 	 0.4495199867218018
58 	 0.45337342542600145
59 	 0.45337342542600145
60 	 0.45337342542600145
61 	 0.46034229474099453
62 	 0.46034229474099453
63 	 0.4614721779568616
64 	 0.46382342869162746
65 	 0.4660244840166787
66 	 0.4670890547121356
67 	 0.4685912426815693
68 	 0.4699628056101827
69 	 0.47240703091016256
70 	 0.4732284316306909
71 	 0.47747374545735144
72 	 0.47747374545735144
73 	 0.4794898187832618
74 	 0.48510669553853575
75 	 0.48510669553853575
76 	 0.48510669553853575
77 	 0.4913766974979114
78 	 0.4913766974979114
79 	 0.4913766974979114
80 	 0.4913766974979114
81 	 0.49679763669195487
82 	 0.49908357490631056
83 	 0.5005204503553342
84 	 0.5012990198738299
85 	 0.5012990198738299
86 	 0.5058107645085573
87 	 0.5058107645085573
88 	 0.5097295157331672
89 	 0.5109704536209602
90 	 0.520963269243715
91 	 0.520963269243715
92 	 0.520963269243715
93 	 0.5251432705499655
94 	 0.5251432705499655
95 	 0.5251432705499655
96 	 0.5270974654358442
97 	 0.5270974654358442
98 	 0.5270974654358442
99 	 0.5321918420278369
100 	 0.5321918420278369
101 	 0.5321918420278369
102 	 0.5325184046298876
103 	 0.5325184046298876
104 	 0.5325184046298876
105 	 0.5376127812218803
106 	 0.5376127812218803
107 	 0.5414009074056698
108 	 0.5414009074056698
109 	 0.5414009074056698
110 	 0.5414009074056698
111 	 0.5414009074056698
112 	 0.5414009074056698
113 	 0.5438162682204943
114 	 0.5438162682204943
115 	 0.5438162682204943
116 	 0.5438162682204943
117 	 0.5438162682204943
118 	 0.5474737693634635
119 	 0.5474737693634635
0 	 0.027825352199039588
1 	 0.02880309529530689
2 	 0.04512026637042055
3 	 0.060052085324596605
4 	 0.0843550218164234
5 	 0.0843550218164234
6 	 0.09592809229949772
7 	 0.1056772169673097
8 	 0.11599659519211536
9 	 0.126428667066255
10 	 0.14154528670806277
11 	 0.15154933397874815
12 	 0.15792368936289747
13 	 0.17613887735429268
14 	 0.19260890668447106
15 	 0.19777783517666847
16 	 0.20881001866578386
17 	 0.21244733363444201
18 	 0.22597019606561985
19 	 0.23296908850703124
20 	 0.24177513010086704
21 	 0.25744582203054056
22 	 0.2850876429724978
23 	 0.28743149627589326
24 	 0.2913576449318733
25 	 0.30099840487361285
26 	 0.30203346482638704
27 	 0.31244438137818187
28 	 0.3226069087555883
29 	 0.3302746994501562
30 	 0.34158585359861615
31 	 0.35632931118088174
32 	 0.3621139944618731
33 	 0.3633673386538141
34 	 0.37693993659498004
35 	 0.3795761179023518
36 	 0.3823845562799888
37 	 0.3934876847497165
38 	 0.39446737255586894
39 	 0.40455839746083033
40 	 0.417392067219836
41 	 0.417392067219836
42 	 0.41850238006680873
43 	 0.42308998122688535
44 	 0.4333936347203259
45 	 0.4333936347203259
46 	 0.44371301294513155
47 	 0.4503424742683543
48 	 0.4515834121561474
49 	 0.4601221802994476
50 	 0.4614358340686295
51 	 0.46893937055481955
52 	 0.46901208643620834
53 	 0.4737799004261502
54 	 0.4737799004261502
55 	 0.4758143572283177
56 	 0.47645771376296686
57 	 0.4799192773447055
58 	 0.4863852168653116
59 	 0.4863852168653116
60 	 0.4863852168653116
61 	 0.49252459378386687
62 	 0.49396146923289047
63 	 0.49729240777380873
64 	 0.4989252207840628
65 	 0.4989252207840628
66 	 0.5027133469678522
67 	 0.5027133469678522
68 	 0.5081342861618958
69 	 0.5081342861618958
70 	 0.5081995986823059
71 	 0.5093087090889274
72 	 0.5121183499069157
73 	 0.5121183499069157
74 	 0.514729648282971
75 	 0.51838714942594
76 	 0.5188876303745222
77 	 0.519890539835725
78 	 0.5223059006505498
79 	 0.5230798064535269
80 	 0.5230798064535269
81 	 0.5254421040705888
82 	 0.5254951672683518
83 	 0.5254951672683518
84 	 0.5254951672683518
85 	 0.5278574648854136
86 	 0.5278574648854136
87 	 0.533000926389094
88 	 0.533000926389094
89 	 0.533000926389094
90 	 0.5358798580135676
91 	 0.5378340528994461
92 	 0.5378340528994461
93 	 0.5415568665628254
94 	 0.5420140542056966
95 	 0.5420140542056966
96 	 0.5461201281847321
97 	 0.5461201281847321
98 	 0.5498429418481114
99 	 0.5498429418481114
100 	 0.5532391929094399
101 	 0.5570926316136395
102 	 0.5570926316136395
103 	 0.5570926316136395
104 	 0.5605541951953781
105 	 0.5605541951953781
106 	 0.5605541951953781
107 	 0.5605541951953781
108 	 0.5605541951953781
109 	 0.5605541951953781
110 	 0.5619962513708281
111 	 0.5639504462567067
112 	 0.5639504462567067
113 	 0.5639504462567067
114 	 0.5639504462567067
115 	 0.5639504462567067
116 	 0.5639504462567067
117 	 0.5639504462567067
118 	 0.5639504462567067
119 	 0.5639504462567067
0 	 0.019332506041408126
1 	 0.03439235722024092
2 	 0.0466556334917162
3 	 0.0500370543016464
4 	 0.06326560291282202
5 	 0.08229495403269604
6 	 0.08229495403269604
7 	 0.10610413095031812
8 	 0.12726538756321082
9 	 0.1400162738216909
10 	 0.15464373991921698
11 	 0.15464373991921698
12 	 0.1609840632717804
13 	 0.17954670778081583
14 	 0.18450792207205446
15 	 0.19430480013357887
16 	 0.21052960460317027
17 	 0.21272793976202242
18 	 0.21943100496427925
19 	 0.2392994503359569
20 	 0.2434794516422073
21 	 0.2686900845205301
22 	 0.2731716907511311
23 	 0.276906758502489
24 	 0.28475767164703036
25 	 0.3029383113611879
26 	 0.3098614385246651
27 	 0.3143581321053832
28 	 0.323110009840345
29 	 0.3388313376261973
30 	 0.3388313376261973
31 	 0.35102586326317364
32 	 0.35303666268333955
33 	 0.35827555302870173
34 	 0.37554875016746003
35 	 0.37621956505966025
36 	 0.3858028158718556
37 	 0.3858028158718556
38 	 0.39462098214290653
39 	 0.39462098214290653
40 	 0.39987174280028004
41 	 0.4047483738545541
42 	 0.4122511572431158
43 	 0.41557651121254036
44 	 0.41893928490664334
45 	 0.42141695527169476
46 	 0.4379452283460007
47 	 0.44127196147638414
48 	 0.44127196147638414
49 	 0.44682352571124795
50 	 0.4491094639256037
51 	 0.4563591536911317
52 	 0.4563591536911317
53 	 0.4665479068751171
54 	 0.4665479068751171
55 	 0.4684419699670118
56 	 0.47033603305890653
57 	 0.4747119719263874
58 	 0.4747119719263874
59 	 0.4747119719263874
60 	 0.4760835348550008
61 	 0.47850009811017685
62 	 0.48568447535529474
63 	 0.48568447535529474
64 	 0.48568447535529474
65 	 0.4894726015390842
66 	 0.49918094542514807
67 	 0.5003144799271712
68 	 0.5003144799271712
69 	 0.5067804194477773
70 	 0.5067804194477773
71 	 0.512765949670462
72 	 0.513050421407153
73 	 0.513050421407153
74 	 0.5191012641502477
75 	 0.519231889191068
76 	 0.5253712661096233
77 	 0.5253712661096233
78 	 0.5253712661096233
79 	 0.5296818924566941
80 	 0.5296818924566941
81 	 0.5333393935996631
82 	 0.5333393935996631
83 	 0.5333393935996631
84 	 0.5333393935996631
85 	 0.5333393935996631
86 	 0.5385643952324761
87 	 0.5385643952324761
88 	 0.5385643952324761
89 	 0.5385643952324761
90 	 0.5385643952324761
91 	 0.5385643952324761
92 	 0.5385643952324761
93 	 0.5420912713346249
94 	 0.5420912713346249
95 	 0.5421565838550351
96 	 0.5421565838550351
97 	 0.5456834599571838
98 	 0.5456834599571838
99 	 0.5456834599571838
100 	 0.5497895339362195
101 	 0.5497895339362195
102 	 0.5497895339362195
103 	 0.5497895339362195
104 	 0.5522048947510443
105 	 0.5522048947510443
106 	 0.5572339588226267
107 	 0.5572339588226267
108 	 0.5572339588226267
109 	 0.5572339588226267
110 	 0.5572339588226267
111 	 0.5572339588226267
112 	 0.5609567724860061
113 	 0.5609567724860061
114 	 0.5609567724860061
115 	 0.5609567724860061
116 	 0.5609567724860061
117 	 0.5615445851696974
118 	 0.5652020863126666
119 	 0.5652020863126666
0 	 0.021321760721370153
1 	 0.041895204650571394
2 	 0.05834769447989263
3 	 0.05834769447989263
4 	 0.07098971030202283
5 	 0.08425816020188748
6 	 0.09168959918144781
7 	 0.10505981880752269
8 	 0.10533991594717174
9 	 0.12694767496993375
10 	 0.13970760022449946
11 	 0.13970760022449946
12 	 0.15955362392454053
13 	 0.17113675354918356
14 	 0.17721037345317636
15 	 0.18161948416468732
16 	 0.18862534521788776
17 	 0.21337335924682488
18 	 0.21676961030815334
19 	 0.21817334292100976
20 	 0.2327003438068248
21 	 0.24057543783599966
22 	 0.2467321487524915
23 	 0.2467321487524915
24 	 0.25912939414589553
25 	 0.2656449536856388
26 	 0.27503699006351023
27 	 0.28115148589428385
28 	 0.29839079008659697
29 	 0.29839079008659697
30 	 0.30435039152492305
31 	 0.3207254535625622
32 	 0.3293125369459525
33 	 0.3293125369459525
34 	 0.3300673624855258
35 	 0.33706856479376046
36 	 0.35112691876294677
37 	 0.35112691876294677
38 	 0.3621617407573695
39 	 0.3672463486799096
40 	 0.37360479125203905
41 	 0.37360479125203905
42 	 0.3854032293539348
43 	 0.38906073049690393
44 	 0.3910432342015524
45 	 0.3986061271462402
46 	 0.3995760462829401
47 	 0.40232894080961956
48 	 0.4101566745893864
49 	 0.41034399734381233
50 	 0.4129009543092612
51 	 0.41971538208391057
52 	 0.42151243833395013
53 	 0.4273032074792983
54 	 0.4298822096159035
55 	 0.4298822096159035
56 	 0.43940806892633477
57 	 0.43940806892633477
58 	 0.44043102408174095
59 	 0.4439897140244986
60 	 0.4454769525980534
61 	 0.45240007976153074
62 	 0.45240007976153074
63 	 0.45763026212077007
64 	 0.46363901399850505
65 	 0.4693212032741892
66 	 0.4693212032741892
67 	 0.47252151677428716
68 	 0.4779786352089314
69 	 0.4782037060499713
70 	 0.48347785812219324
71 	 0.48471879600998635
72 	 0.48532277077467906
73 	 0.48844160967336564
74 	 0.49046629780608064
75 	 0.4941237989490498
76 	 0.49445036155110056
77 	 0.4981078626940697
78 	 0.49954473814309325
79 	 0.503071614245242
80 	 0.5043125521330352
81 	 0.5078394282351839
82 	 0.5078394282351839
83 	 0.5092109911637973
84 	 0.5119119325929576
85 	 0.5126303703174695
86 	 0.5145013053170204
87 	 0.5177669313375286
88 	 0.5184853690620403
89 	 0.5220122451641892
90 	 0.5234491206132128
91 	 0.52632287151126
92 	 0.5277597469602835
93 	 0.5317438107053034
94 	 0.5317438107053034
95 	 0.5356625619299131
96 	 0.5356625619299131
97 	 0.5356625619299131
98 	 0.5395391287264564
99 	 0.5407569385219059
100 	 0.5407569385219059
101 	 0.5449369398281563
102 	 0.5449369398281563
103 	 0.5450253804409101
104 	 0.5450253804409101
105 	 0.5469795753267885
106 	 0.5469795753267885
107 	 0.5469795753267885
108 	 0.5502452013472967
109 	 0.5502452013472967
110 	 0.5502452013472967
111 	 0.5507677015105781
112 	 0.5540333275310861
113 	 0.5540333275310861
114 	 0.5540333275310861
115 	 0.5540333275310861
116 	 0.5540333275310861
117 	 0.5540333275310861
118 	 0.5540333275310861
119 	 0.5540333275310861
0 	 0.024810696691958567
1 	 0.0277877002419763
2 	 0.03833844948076548
3 	 0.04386268127997428
4 	 0.05939775070369602
5 	 0.07469682985962267
6 	 0.08252241211364364
7 	 0.09846429675938839
8 	 0.11041307234834463
9 	 0.11403514003856074
10 	 0.12366235871564824
11 	 0.13028275540921075
12 	 0.1472730105084985
13 	 0.1536848488003072
14 	 0.17191493685927695
15 	 0.1795967469777019
16 	 0.1989859826584356
17 	 0.21028504868939368
18 	 0.21100596121616744
19 	 0.22803878005414047
20 	 0.23288565555357188
21 	 0.24516619243143456
22 	 0.25750396613891835
23 	 0.2635239922034708
24 	 0.2739213375416125
25 	 0.2829327442870688
26 	 0.29156325150669615
27 	 0.2984135326954236
28 	 0.31075340317953615
29 	 0.3200277810777793
30 	 0.3200277810777793
31 	 0.32777473945293656
32 	 0.3343688292121011
33 	 0.3482679897553177
34 	 0.35297049122484947
35 	 0.35904455562299453
36 	 0.3652723731543037
37 	 0.37159696584589375
38 	 0.3828538474487856
39 	 0.3828538474487856
40 	 0.38625009851011405
41 	 0.3931373405802413
42 	 0.3931373405802413
43 	 0.3938002344537954
44 	 0.4066668009745974
45 	 0.4066668009745974
46 	 0.4103785677556808
47 	 0.41580198175198624
48 	 0.41580198175198624
49 	 0.41691229459895895
50 	 0.421526236111345
51 	 0.4273733447468808
52 	 0.4292538861542178
53 	 0.43422011250765213
54 	 0.43944263933820316
55 	 0.4499604299265013
56 	 0.47099106149857367
57 	 0.47099106149857367
58 	 0.47099106149857367
59 	 0.475954813049746
60 	 0.47802012305247377
61 	 0.47802012305247377
62 	 0.4796123141927151
63 	 0.48039606443763705
64 	 0.48549044102962974
65 	 0.48549044102962974
66 	 0.4894091922542395
67 	 0.49056012697122503
68 	 0.49789981990756066
69 	 0.4981610699892013
70 	 0.4981610699892013
71 	 0.5014266960097093
72 	 0.5014266960097093
73 	 0.5055327699887449
74 	 0.506455760081292
75 	 0.5074354478874443
76 	 0.5107010739079525
77 	 0.5113541991120542
78 	 0.5113541991120542
79 	 0.5154602730910895
80 	 0.5197055869177502
81 	 0.5197055869177502
82 	 0.5197055869177502
83 	 0.5197055869177502
84 	 0.5197055869177502
85 	 0.5247999635097429
86 	 0.5247999635097429
87 	 0.5247999635097429
88 	 0.5247999635097429
89 	 0.5247999635097429
90 	 0.5247999635097429
91 	 0.5247999635097429
92 	 0.5267541583956216
93 	 0.5274545551915093
94 	 0.5274545551915093
95 	 0.5274545551915093
96 	 0.5291105898568136
97 	 0.5304116987166787
98 	 0.5311120563344784
99 	 0.53176518153858
100 	 0.5354226826815491
101 	 0.5354226826815491
102 	 0.5394720589469792
103 	 0.5441092478961007
104 	 0.5441092478961007
105 	 0.5441092478961007
106 	 0.5477667490390699
107 	 0.5477667490390699
108 	 0.5477667490390699
109 	 0.5501821098538946
110 	 0.5512936251412186
111 	 0.5512936251412186
112 	 0.5537089859560435
113 	 0.5542980010800862
114 	 0.5602402379970597
115 	 0.5602402379970597
116 	 0.5602402379970597
117 	 0.5602402379970597
118 	 0.5602402379970597
119 	 0.5602402379970597
0 	 0.026376414141050297
1 	 0.03630749603401062
2 	 0.04942530437985182
3 	 0.07894656360524532
4 	 0.07894656360524532
5 	 0.0892578807661476
6 	 0.09367923401521028
7 	 0.10037055384172111
8 	 0.10974744211293852
9 	 0.11764111138020306
10 	 0.12819139972671767
11 	 0.13474049720451609
12 	 0.1575820339112909
13 	 0.16376961578076843
14 	 0.17283019112679054
15 	 0.1837607043200693
16 	 0.19131366690202012
17 	 0.2031933141948732
18 	 0.21478637001920686
19 	 0.2176599633217713
20 	 0.23287534288293288
21 	 0.2549657912237775
22 	 0.2619005125116256
23 	 0.26562332617500495
24 	 0.27748870681974225
25 	 0.28347435924740116
26 	 0.28973931539512976
27 	 0.3085124481618202
28 	 0.3085124481618202
29 	 0.3235344568323332
30 	 0.3235344568323332
31 	 0.32499699706465723
32 	 0.33627039831231487
33 	 0.3460019638534291
34 	 0.3460019638534291
35 	 0.3497014268855825
36 	 0.3595637464436926
37 	 0.3692953119848068
38 	 0.3724303129644947
39 	 0.3749121887400808
40 	 0.3842910255398563
41 	 0.38613243954964027
42 	 0.3916975064854926
43 	 0.40195423156990084
44 	 0.40500775794817734
45 	 0.41212682267288503
46 	 0.4161403138449652
47 	 0.4219271993771111
48 	 0.43090094345766194
49 	 0.43172057879593384
50 	 0.44206938444779975
51 	 0.44220000948862004
52 	 0.45689532658090665
53 	 0.45748313926459816
54 	 0.4614018904892079
55 	 0.46251220333618065
56 	 0.46251220333618065
57 	 0.465059391632177
58 	 0.47113345603032214
59 	 0.4749868947345217
60 	 0.4749868947345217
61 	 0.47884033343872134
62 	 0.4792322085611823
63 	 0.4833468973470225
64 	 0.484326585153175
65 	 0.48530627295932743
66 	 0.4888331490614762
67 	 0.4930784628881368
68 	 0.4930784628881368
69 	 0.49412346321469935
70 	 0.49765033931684816
71 	 0.49921783980669204
72 	 0.5013078404598172
73 	 0.5032019035517119
74 	 0.5049653416027864
75 	 0.5077737799804234
76 	 0.5139784694193887
77 	 0.5139784694193887
78 	 0.5204444089399949
79 	 0.5247259020072562
80 	 0.5258653481340384
81 	 0.5258653481340384
82 	 0.5258653481340384
83 	 0.5258653481340384
84 	 0.5313515998484921
85 	 0.5313515998484921
86 	 0.5313515998484921
87 	 0.5313515998484921
88 	 0.5351397260322814
89 	 0.535335663593512
90 	 0.5358581637567933
91 	 0.5391237897773014
92 	 0.5391237897773014
93 	 0.5415391505921262
94 	 0.5415391505921262
95 	 0.5415391505921262
96 	 0.5415391505921262
97 	 0.5415391505921262
98 	 0.5415391505921262
99 	 0.5415391505921262
100 	 0.5415391505921262
101 	 0.5415391505921262
102 	 0.5415391505921262
103 	 0.5415391505921262
104 	 0.5416697756329465
105 	 0.5452619642555054
106 	 0.5452619642555054
107 	 0.5457191518983766
108 	 0.5489194653984746
109 	 0.5489194653984746
110 	 0.5489194653984746
111 	 0.5493766530413458
112 	 0.553099466704725
113 	 0.5536872793884164
114 	 0.5542097795516978
115 	 0.5542097795516978
116 	 0.5574100930517958
117 	 0.55910821858246
118 	 0.55910821858246
119 	 0.5628310322458392
